x,z,IC
5.64000000001397,1.1248943957393e-311,-1.1764749619071986e-12
5.64000000001397,0.47339682539682537,1.5820950835312473
5.64000000001397,0.9467936507936507,1.7740029975808023
5.64000000001397,1.4201904761904762,2.357454713772329
5.64000000001397,1.8935873015873015,2.7033034858172806
5.64000000001397,2.3669841269841267,2.8708026684212555
5.64000000001397,2.8403809523809525,3.099380346837733
5.64000000001397,3.3137777777777777,3.3736117712294105
5.64000000001397,3.787174603174603,3.273469034308732
5.64000000001397,4.260571428571429,2.8059268367151904
5.64000000001397,4.7339682539682535,2.6269293862321867
5.64000000001397,5.207365079365079,2.476943250484784
5.64000000001397,5.680761904761905,2.2999075594335885
5.64000000001397,6.15415873015873,2.1097737423652063
5.64000000001397,6.627555555555555,2.10103265737965
5.64000000001397,7.10095238095238,2.1074636614762285
5.64000000001397,7.574349206349206,2.1348564416817575
5.64000000001397,8.047746031746032,2.006041651308559
5.64000000001397,8.521142857142857,2.047922344671823
5.64000000001397,8.994539682539681,2.0644857564893835
5.64000000001397,9.467936507936507,2.0794902434012217
5.64000000001397,9.941333333333333,2.042609523374883
5.64000000001397,10.414730158730158,2.2410172512847977
5.64000000001397,10.888126984126984,2.4559973455315
5.64000000001397,11.36152380952381,2.3968735659114007
5.64000000001397,11.834920634920634,2.3067605323909843
5.64000000001397,12.30831746031746,2.212824258256095
5.64000000001397,12.781714285714285,2.018101816355446
5.64000000001397,13.25511111111111,1.970925605710369
5.64000000001397,13.728507936507937,2.2688189560447647
5.64000000001397,14.20190476190476,2.414925131975563
5.64000000001397,14.675301587301586,2.4397106397344768
5.64000000001397,15.148698412698412,2.3858359727725413
5.64000000001397,15.622095238095238,2.4653028704071067
5.64000000001397,16.095492063492063,2.4705362039075482
5.64000000001397,16.56888888888889,2.231311813679288
5.64000000001397,17.042285714285715,2.1017881709243977
5.64000000001397,17.51568253968254,2.090824336910634
5.64000000001397,17.989079365079363,2.1626606176875813
5.64000000001397,18.46247619047619,2.2642949356314386
5.64000000001397,18.935873015873014,2.3720984449374565
5.64000000001397,19.40926984126984,2.2816643968826726
5.64000000001397,19.882666666666665,2.286004951859783
5.64000000001397,20.35606349206349,2.2359467805489275
5.64000000001397,20.829460317460317,2.2993358941091886
5.64000000001397,21.302857142857142,2.344268722541516
5.64000000001397,21.776253968253968,2.238392598501157
5.64000000001397,22.249650793650794,2.1035791886703428
5.64000000001397,22.72304761904762,2.191436363407475
5.64000000001397,23.19644444444444,2.304970165625815
5.64000000001397,23.669841269841267,2.2900737718949933
5.64000000001397,24.143238095238093,2.2582334011861427
5.64000000001397,24.61663492063492,2.249211469598408
5.64000000001397,25.090031746031745,2.1671156952008115
5.64000000001397,25.56342857142857,2.0059224820655666
5.64000000001397,26.036825396825396,1.938113569250711
5.64000000001397,26.51022222222222,1.9142654638607541
5.64000000001397,26.983619047619047,2.0005713450919966
5.64000000001397,27.457015873015873,2.155181304517387
5.64000000001397,27.930412698412695,2.1645577102573688
5.64000000001397,28.40380952380952,2.17452707151522
5.64000000001397,28.877206349206347,2.1226165394844743
5.64000000001397,29.350603174603172,2.260434673369973
5.64000000001397,29.823999999999998,2.1179245701376073
7.856984126997839,1.1248943957393e-311,0.9384690787960167
7.856984126997839,0.47339682539682537,1.5498401412741265
7.856984126997839,0.9467936507936507,1.941007085138233
7.856984126997839,1.4201904761904762,2.2928989429093707
7.856984126997839,1.8935873015873015,2.561789483496131
7.856984126997839,2.3669841269841267,2.7854901395491067
7.856984126997839,2.8403809523809525,3.0024956550384703
7.856984126997839,3.3137777777777777,3.199501110279593
7.856984126997839,3.787174603174603,3.115810151502237
7.856984126997839,4.260571428571429,2.8340787446994575
7.856984126997839,4.7339682539682535,2.578627150927202
7.856984126997839,5.207365079365079,2.446161873366282
7.856984126997839,5.680761904761905,2.3187638270061486
7.856984126997839,6.15415873015873,2.249764060001488
7.856984126997839,6.627555555555555,2.1162579961355465
7.856984126997839,7.10095238095238,2.0586581197681157
7.856984126997839,7.574349206349206,2.0636001836517157
7.856984126997839,8.047746031746032,2.0192033233025652
7.856984126997839,8.521142857142857,2.0611718879644405
7.856984126997839,8.994539682539681,2.1042266257965383
7.856984126997839,9.467936507936507,2.143254062392458
7.856984126997839,9.941333333333333,2.1666127282873533
7.856984126997839,10.414730158730158,2.2393903567608744
7.856984126997839,10.888126984126984,2.4003342173479725
7.856984126997839,11.36152380952381,2.3678850165743572
7.856984126997839,11.834920634920634,2.3618604841073805
7.856984126997839,12.30831746031746,2.297480055705563
7.856984126997839,12.781714285714285,2.1591981410902417
7.856984126997839,13.25511111111111,2.1457216187962955
7.856984126997839,13.728507936507937,2.3137097613449695
7.856984126997839,14.20190476190476,2.4112573796975645
7.856984126997839,14.675301587301586,2.399661098333271
7.856984126997839,15.148698412698412,2.3858429643160486
7.856984126997839,15.622095238095238,2.4416602960793297
7.856984126997839,16.095492063492063,2.4107023675993866
7.856984126997839,16.56888888888889,2.2413158350212044
7.856984126997839,17.042285714285715,2.126964170455961
7.856984126997839,17.51568253968254,2.107267286262636
7.856984126997839,17.989079365079363,2.1282678361281
7.856984126997839,18.46247619047619,2.179977570001918
7.856984126997839,18.935873015873014,2.1671834046682004
7.856984126997839,19.40926984126984,2.2306383229947855
7.856984126997839,19.882666666666665,2.206215271238011
7.856984126997839,20.35606349206349,2.2415994159580253
7.856984126997839,20.829460317460317,2.3245190972251955
7.856984126997839,21.302857142857142,2.3476206852331334
7.856984126997839,21.776253968253968,2.2723757117462577
7.856984126997839,22.249650793650794,2.117053227436946
7.856984126997839,22.72304761904762,2.187978334071687
7.856984126997839,23.19644444444444,2.3412932505465855
7.856984126997839,23.669841269841267,2.3004295596634554
7.856984126997839,24.143238095238093,2.2741415903440743
7.856984126997839,24.61663492063492,2.1781882399492716
7.856984126997839,25.090031746031745,2.178616832671575
7.856984126997839,25.56342857142857,2.0621843291183617
7.856984126997839,26.036825396825396,1.9777479072761517
7.856984126997839,26.51022222222222,1.9230561741687195
7.856984126997839,26.983619047619047,2.0341218010980353
7.856984126997839,27.457015873015873,2.1208781773619836
7.856984126997839,27.930412698412695,2.1819453192735816
7.856984126997839,28.40380952380952,2.1700090444811115
7.856984126997839,28.877206349206347,2.2426993424791473
7.856984126997839,29.350603174603172,2.282261824103158
7.856984126997839,29.823999999999998,2.20174918970284
10.073968253981707,1.1248943957393e-311,1.2266638548022453
10.073968253981707,0.47339682539682537,1.5613953817033701
10.073968253981707,0.9467936507936507,1.8857243905084948
10.073968253981707,1.4201904761904762,2.2021283535456364
10.073968253981707,1.8935873015873015,2.417358116027458
10.073968253981707,2.3669841269841267,2.5357332468455955
10.073968253981707,2.8403809523809525,2.79605246831376
10.073968253981707,3.3137777777777777,2.9185563523593085
10.073968253981707,3.787174603174603,2.9450193979289776
10.073968253981707,4.260571428571429,2.737126844147527
10.073968253981707,4.7339682539682535,2.52488990050019
10.073968253981707,5.207365079365079,2.4893823752665853
10.073968253981707,5.680761904761905,2.330516854197732
10.073968253981707,6.15415873015873,2.1923498654258644
10.073968253981707,6.627555555555555,2.076502986057333
10.073968253981707,7.10095238095238,2.012706798440595
10.073968253981707,7.574349206349206,2.071672534396904
10.073968253981707,8.047746031746032,2.149337084752177
10.073968253981707,8.521142857142857,2.073094903734046
10.073968253981707,8.994539682539681,2.1516347248755996
10.073968253981707,9.467936507936507,2.1842802383181943
10.073968253981707,9.941333333333333,2.239579440960427
10.073968253981707,10.414730158730158,2.3093418832063355
10.073968253981707,10.888126984126984,2.4055500932896505
10.073968253981707,11.36152380952381,2.382591689403117
10.073968253981707,11.834920634920634,2.4133540059858682
10.073968253981707,12.30831746031746,2.276550230271117
10.073968253981707,12.781714285714285,2.2573273885604426
10.073968253981707,13.25511111111111,2.3435888132881226
10.073968253981707,13.728507936507937,2.3837471530602
10.073968253981707,14.20190476190476,2.318984375139271
10.073968253981707,14.675301587301586,2.446058719327238
10.073968253981707,15.148698412698412,2.4868059499191286
10.073968253981707,15.622095238095238,2.42365948043263
10.073968253981707,16.095492063492063,2.360500621576352
10.073968253981707,16.56888888888889,2.236358611431924
10.073968253981707,17.042285714285715,2.150140448433204
10.073968253981707,17.51568253968254,2.053109695363594
10.073968253981707,17.989079365079363,2.076527226188108
10.073968253981707,18.46247619047619,2.073653126951371
10.073968253981707,18.935873015873014,2.186333291810849
10.073968253981707,19.40926984126984,2.2115079942828926
10.073968253981707,19.882666666666665,2.2214153929366205
10.073968253981707,20.35606349206349,2.160352934750905
10.073968253981707,20.829460317460317,2.300044917122376
10.073968253981707,21.302857142857142,2.389879157987402
10.073968253981707,21.776253968253968,2.40391628553004
10.073968253981707,22.249650793650794,2.2201135879184704
10.073968253981707,22.72304761904762,2.2804425647538777
10.073968253981707,23.19644444444444,2.2814510868856583
10.073968253981707,23.669841269841267,2.285388781434406
10.073968253981707,24.143238095238093,2.2353747711052088
10.073968253981707,24.61663492063492,2.2853183434897137
10.073968253981707,25.090031746031745,2.158667143501379
10.073968253981707,25.56342857142857,2.02793769591392
10.073968253981707,26.036825396825396,2.017689604440401
10.073968253981707,26.51022222222222,1.9683162817037791
10.073968253981707,26.983619047619047,2.007505989284084
10.073968253981707,27.457015873015873,2.10688060404754
10.073968253981707,27.930412698412695,2.1597861187094356
10.073968253981707,28.40380952380952,2.2213647614628984
10.073968253981707,28.877206349206347,2.3032819791688506
10.073968253981707,29.350603174603172,2.2803038351986045
10.073968253981707,29.823999999999998,2.3109739950742516
12.290952380965575,1.1248943957393e-311,1.3098135680733136
12.290952380965575,0.47339682539682537,1.5012806912890724
12.290952380965575,0.9467936507936507,1.8172849602646797
12.290952380965575,1.4201904761904762,2.1284731298421296
12.290952380965575,1.8935873015873015,2.29092986313426
12.290952380965575,2.3669841269841267,2.423320866182775
12.290952380965575,2.8403809523809525,2.5455515848454877
12.290952380965575,3.3137777777777777,2.730003593909369
12.290952380965575,3.787174603174603,2.806419933695127
12.290952380965575,4.260571428571429,2.6774210436716275
12.290952380965575,4.7339682539682535,2.485395945532198
12.290952380965575,5.207365079365079,2.4155313779859466
12.290952380965575,5.680761904761905,2.271993543612937
12.290952380965575,6.15415873015873,2.224261257521204
12.290952380965575,6.627555555555555,2.1090294671449654
12.290952380965575,7.10095238095238,2.099501110168771
12.290952380965575,7.574349206349206,2.085789515870371
12.290952380965575,8.047746031746032,2.082946833571376
12.290952380965575,8.521142857142857,2.0196234116013785
12.290952380965575,8.994539682539681,2.2338277190710962
12.290952380965575,9.467936507936507,2.216098018425382
12.290952380965575,9.941333333333333,2.291254791198433
12.290952380965575,10.414730158730158,2.3121523050483286
12.290952380965575,10.888126984126984,2.4794462805962585
12.290952380965575,11.36152380952381,2.410618271130246
12.290952380965575,11.834920634920634,2.459727128592244
12.290952380965575,12.30831746031746,2.3885017033241387
12.290952380965575,12.781714285714285,2.3576780422487773
12.290952380965575,13.25511111111111,2.326341756351995
12.290952380965575,13.728507936507937,2.4138548318174813
12.290952380965575,14.20190476190476,2.326426735583007
12.290952380965575,14.675301587301586,2.4513506798879505
12.290952380965575,15.148698412698412,2.4291024928394327
12.290952380965575,15.622095238095238,2.3002654439941104
12.290952380965575,16.095492063492063,2.2900088295813026
12.290952380965575,16.56888888888889,2.28416317814391
12.290952380965575,17.042285714285715,2.2043451577492883
12.290952380965575,17.51568253968254,2.1572704795948785
12.290952380965575,17.989079365079363,2.0919057470625777
12.290952380965575,18.46247619047619,2.1252506855992563
12.290952380965575,18.935873015873014,2.181327422285942
12.290952380965575,19.40926984126984,2.1512404179180074
12.290952380965575,19.882666666666665,2.1881977846621683
12.290952380965575,20.35606349206349,2.109158560253873
12.290952380965575,20.829460317460317,2.256683622725365
12.290952380965575,21.302857142857142,2.352740335376031
12.290952380965575,21.776253968253968,2.4966210600130556
12.290952380965575,22.249650793650794,2.358236989793473
12.290952380965575,22.72304761904762,2.298036471391053
12.290952380965575,23.19644444444444,2.183149614747768
12.290952380965575,23.669841269841267,2.285345405120199
12.290952380965575,24.143238095238093,2.328319399566358
12.290952380965575,24.61663492063492,2.302904101092254
12.290952380965575,25.090031746031745,2.054835418658763
12.290952380965575,25.56342857142857,2.055177002481539
12.290952380965575,26.036825396825396,1.9751730927609215
12.290952380965575,26.51022222222222,2.071487170510512
12.290952380965575,26.983619047619047,2.059012799310343
12.290952380965575,27.457015873015873,2.143563747735797
12.290952380965575,27.930412698412695,2.1749515782623714
12.290952380965575,28.40380952380952,2.337039744354387
12.290952380965575,28.877206349206347,2.2932779898687548
12.290952380965575,29.350603174603172,2.364691444466785
12.290952380965575,29.823999999999998,2.340537875788976
14.507936507949443,1.1248943957393e-311,1.5770547068284293
14.507936507949443,0.47339682539682537,1.6409838248769635
14.507936507949443,0.9467936507936507,1.7832247484241044
14.507936507949443,1.4201904761904762,1.9712693517073971
14.507936507949443,1.8935873015873015,2.19303510302548
14.507936507949443,2.3669841269841267,2.3384335792498128
14.507936507949443,2.8403809523809525,2.427233759439242
14.507936507949443,3.3137777777777777,2.5290441061626905
14.507936507949443,3.787174603174603,2.6472294834169423
14.507936507949443,4.260571428571429,2.5138415118018056
14.507936507949443,4.7339682539682535,2.442464895204526
14.507936507949443,5.207365079365079,2.324879993188931
14.507936507949443,5.680761904761905,2.267028541727554
14.507936507949443,6.15415873015873,2.1307752457935214
14.507936507949443,6.627555555555555,2.157738322582684
14.507936507949443,7.10095238095238,2.0564587860657633
14.507936507949443,7.574349206349206,2.011479317009855
14.507936507949443,8.047746031746032,2.052127945536679
14.507936507949443,8.521142857142857,2.060891770897253
14.507936507949443,8.994539682539681,2.1375674081017015
14.507936507949443,9.467936507936507,2.2474020186862163
14.507936507949443,9.941333333333333,2.283642234702372
14.507936507949443,10.414730158730158,2.3988416732325515
14.507936507949443,10.888126984126984,2.423649918017362
14.507936507949443,11.36152380952381,2.4816489673736326
14.507936507949443,11.834920634920634,2.5086942753804777
14.507936507949443,12.30831746031746,2.410154199247906
14.507936507949443,12.781714285714285,2.3765605198237356
14.507936507949443,13.25511111111111,2.246952249341136
14.507936507949443,13.728507936507937,2.4116476668875784
14.507936507949443,14.20190476190476,2.30712875361316
14.507936507949443,14.675301587301586,2.380316818509645
14.507936507949443,15.148698412698412,2.293341526879961
14.507936507949443,15.622095238095238,2.2869009297139082
14.507936507949443,16.095492063492063,2.2078586366033197
14.507936507949443,16.56888888888889,2.3012358773403494
14.507936507949443,17.042285714285715,2.20272200819628
14.507936507949443,17.51568253968254,2.119143660522985
14.507936507949443,17.989079365079363,2.1292427106207055
14.507936507949443,18.46247619047619,2.118498256802586
14.507936507949443,18.935873015873014,2.0848708892336663
14.507936507949443,19.40926984126984,2.214015166614331
14.507936507949443,19.882666666666665,2.1756285182932866
14.507936507949443,20.35606349206349,2.2333265794620796
14.507936507949443,20.829460317460317,2.348896514555643
14.507936507949443,21.302857142857142,2.444211874093271
14.507936507949443,21.776253968253968,2.5106818046310044
14.507936507949443,22.249650793650794,2.346633141399032
14.507936507949443,22.72304761904762,2.2914796083982396
14.507936507949443,23.19644444444444,2.1813210476876703
14.507936507949443,23.669841269841267,2.3580843692871523
14.507936507949443,24.143238095238093,2.3937420726955088
14.507936507949443,24.61663492063492,2.3669181996369417
14.507936507949443,25.090031746031745,2.14388943047617
14.507936507949443,25.56342857142857,2.177667183550759
14.507936507949443,26.036825396825396,2.0866793398466075
14.507936507949443,26.51022222222222,2.107212966212226
14.507936507949443,26.983619047619047,2.125649164875692
14.507936507949443,27.457015873015873,2.2377836911751245
14.507936507949443,27.930412698412695,2.2244390201410593
14.507936507949443,28.40380952380952,2.244455848252569
14.507936507949443,28.877206349206347,2.337603508116628
14.507936507949443,29.350603174603172,2.304052143185184
14.507936507949443,29.823999999999998,2.302159121555074
16.724920634933312,1.1248943957393e-311,1.6282074779663578
16.724920634933312,0.47339682539682537,1.7206876152799002
16.724920634933312,0.9467936507936507,1.8956139558289675
16.724920634933312,1.4201904761904762,1.9778231904621724
16.724920634933312,1.8935873015873015,2.1697861859503815
16.724920634933312,2.3669841269841267,2.2528437164276314
16.724920634933312,2.8403809523809525,2.4173793733628237
16.724920634933312,3.3137777777777777,2.388447146694379
16.724920634933312,3.787174603174603,2.491820143036618
16.724920634933312,4.260571428571429,2.4539567502302435
16.724920634933312,4.7339682539682535,2.4066532336154145
16.724920634933312,5.207365079365079,2.330473009745304
16.724920634933312,5.680761904761905,2.3279329662015895
16.724920634933312,6.15415873015873,2.0671894162823334
16.724920634933312,6.627555555555555,2.0665148912462667
16.724920634933312,7.10095238095238,2.008296774588709
16.724920634933312,7.574349206349206,2.161861277408729
16.724920634933312,8.047746031746032,2.1890383297984144
16.724920634933312,8.521142857142857,2.1015289894604785
16.724920634933312,8.994539682539681,2.0806379079251274
16.724920634933312,9.467936507936507,2.2906564171664696
16.724920634933312,9.941333333333333,2.3520227695555165
16.724920634933312,10.414730158730158,2.3577410535987102
16.724920634933312,10.888126984126984,2.318409080503601
16.724920634933312,11.36152380952381,2.430657590343735
16.724920634933312,11.834920634920634,2.386510673464993
16.724920634933312,12.30831746031746,2.456636134448191
16.724920634933312,12.781714285714285,2.397346756012279
16.724920634933312,13.25511111111111,2.3228815857288025
16.724920634933312,13.728507936507937,2.3201201271434213
16.724920634933312,14.20190476190476,2.256444054956767
16.724920634933312,14.675301587301586,2.239991267372545
16.724920634933312,15.148698412698412,2.3244206924054596
16.724920634933312,15.622095238095238,2.34299911433798
16.724920634933312,16.095492063492063,2.2446672024205188
16.724920634933312,16.56888888888889,2.1448536775143223
16.724920634933312,17.042285714285715,2.0515248369458803
16.724920634933312,17.51568253968254,2.0983933527963248
16.724920634933312,17.989079365079363,2.1552616198233974
16.724920634933312,18.46247619047619,2.1559203891698675
16.724920634933312,18.935873015873014,2.153287617079029
16.724920634933312,19.40926984126984,2.1370947776971256
16.724920634933312,19.882666666666665,2.1739735213974116
16.724920634933312,20.35606349206349,2.2886375162530235
16.724920634933312,20.829460317460317,2.2979149117694586
16.724920634933312,21.302857142857142,2.488883234199699
16.724920634933312,21.776253968253968,2.475081095015068
16.724920634933312,22.249650793650794,2.36865879105817
16.724920634933312,22.72304761904762,2.383813779456463
16.724920634933312,23.19644444444444,2.3681519483712785
16.724920634933312,23.669841269841267,2.322996557815446
16.724920634933312,24.143238095238093,2.342430877826105
16.724920634933312,24.61663492063492,2.2812162638336084
16.724920634933312,25.090031746031745,2.1993593813665484
16.724920634933312,25.56342857142857,2.227326594405205
16.724920634933312,26.036825396825396,2.2304516112716484
16.724920634933312,26.51022222222222,2.208220082036091
16.724920634933312,26.983619047619047,2.2361921270699074
16.724920634933312,27.457015873015873,2.277020230493132
16.724920634933312,27.930412698412695,2.234515802938764
16.724920634933312,28.40380952380952,2.2935140481524376
16.724920634933312,28.877206349206347,2.21870496143649
16.724920634933312,29.350603174603172,2.1456771997185506
16.724920634933312,29.823999999999998,2.2530689831514734
18.94190476191718,1.1248943957393e-311,1.7046935184322765
18.94190476191718,0.47339682539682537,1.8839309323769422
18.94190476191718,0.9467936507936507,1.9845263307025423
18.94190476191718,1.4201904761904762,2.1431782710763563
18.94190476191718,1.8935873015873015,2.0846433255121446
18.94190476191718,2.3669841269841267,2.316620263053319
18.94190476191718,2.8403809523809525,2.339099339026421
18.94190476191718,3.3137777777777777,2.4027538426885706
18.94190476191718,3.787174603174603,2.341808840792132
18.94190476191718,4.260571428571429,2.3607845595002317
18.94190476191718,4.7339682539682535,2.3000807330575257
18.94190476191718,5.207365079365079,2.356002930942342
18.94190476191718,5.680761904761905,2.2591549168633565
18.94190476191718,6.15415873015873,2.236717426346586
18.94190476191718,6.627555555555555,2.017756025193226
18.94190476191718,7.10095238095238,2.0555540678578352
18.94190476191718,7.574349206349206,2.245698193672593
18.94190476191718,8.047746031746032,2.2016036502475282
18.94190476191718,8.521142857142857,2.106862461610405
18.94190476191718,8.994539682539681,2.116539521153527
18.94190476191718,9.467936507936507,2.2165168408193323
18.94190476191718,9.941333333333333,2.3550019606335013
18.94190476191718,10.414730158730158,2.4109976836115616
18.94190476191718,10.888126984126984,2.443249169268476
18.94190476191718,11.36152380952381,2.462594006449364
18.94190476191718,11.834920634920634,2.4251058787246897
18.94190476191718,12.30831746031746,2.3170599207187985
18.94190476191718,12.781714285714285,2.2211068136256333
18.94190476191718,13.25511111111111,2.1600510981426653
18.94190476191718,13.728507936507937,2.165572051387458
18.94190476191718,14.20190476190476,2.232008832598913
18.94190476191718,14.675301587301586,2.2114280257697096
18.94190476191718,15.148698412698412,2.149581708972232
18.94190476191718,15.622095238095238,2.2836051341418546
18.94190476191718,16.095492063492063,2.201851142426534
18.94190476191718,16.56888888888889,2.110914828143445
18.94190476191718,17.042285714285715,2.070291285658537
18.94190476191718,17.51568253968254,2.1136481696423806
18.94190476191718,17.989079365079363,2.099562042246984
18.94190476191718,18.46247619047619,2.2037492692644207
18.94190476191718,18.935873015873014,2.1465024766095206
18.94190476191718,19.40926984126984,2.1496020023841664
18.94190476191718,19.882666666666665,2.1950963912523167
18.94190476191718,20.35606349206349,2.341013104650596
18.94190476191718,20.829460317460317,2.353102783711761
18.94190476191718,21.302857142857142,2.3478798144606907
18.94190476191718,21.776253968253968,2.3803384661747513
18.94190476191718,22.249650793650794,2.4082293639552215
18.94190476191718,22.72304761904762,2.4470600426076956
18.94190476191718,23.19644444444444,2.3496936428917485
18.94190476191718,23.669841269841267,2.198333230774299
18.94190476191718,24.143238095238093,2.24598468156324
18.94190476191718,24.61663492063492,2.3840506823897676
18.94190476191718,25.090031746031745,2.2057258452390274
18.94190476191718,25.56342857142857,2.304382786148982
18.94190476191718,26.036825396825396,2.2894547914884558
18.94190476191718,26.51022222222222,2.220018758672462
18.94190476191718,26.983619047619047,2.259966535284878
18.94190476191718,27.457015873015873,2.366177233061617
18.94190476191718,27.930412698412695,2.3447734708185193
18.94190476191718,28.40380952380952,2.2919815296414874
18.94190476191718,28.877206349206347,2.139822309937772
18.94190476191718,29.350603174603172,2.080067464248108
18.94190476191718,29.823999999999998,2.004312253932804
21.158888888901046,1.1248943957393e-311,1.8677288140669284
21.158888888901046,0.47339682539682537,2.0024160853878485
21.158888888901046,0.9467936507936507,2.016521599751183
21.158888888901046,1.4201904761904762,2.130874143736833
21.158888888901046,1.8935873015873015,2.1151049522018894
21.158888888901046,2.3669841269841267,2.2099382066763273
21.158888888901046,2.8403809523809525,2.290321104921483
21.158888888901046,3.3137777777777777,2.428174191588399
21.158888888901046,3.787174603174603,2.3141790761291756
21.158888888901046,4.260571428571429,2.3894342290869144
21.158888888901046,4.7339682539682535,2.3677173744512423
21.158888888901046,5.207365079365079,2.240724406183277
21.158888888901046,5.680761904761905,2.137179084349453
21.158888888901046,6.15415873015873,2.1956994180300082
21.158888888901046,6.627555555555555,2.1042110897496333
21.158888888901046,7.10095238095238,2.219098338912469
21.158888888901046,7.574349206349206,2.2202154208119294
21.158888888901046,8.047746031746032,2.222304264980644
21.158888888901046,8.521142857142857,2.0569665934008436
21.158888888901046,8.994539682539681,2.127324795165752
21.158888888901046,9.467936507936507,2.2077785653248205
21.158888888901046,9.941333333333333,2.39182162763131
21.158888888901046,10.414730158730158,2.3923273744199745
21.158888888901046,10.888126984126984,2.5618331716358997
21.158888888901046,11.36152380952381,2.4489144086070507
21.158888888901046,11.834920634920634,2.3944705984491885
21.158888888901046,12.30831746031746,2.21289671992612
21.158888888901046,12.781714285714285,2.193832080453581
21.158888888901046,13.25511111111111,2.2377780447503017
21.158888888901046,13.728507936507937,2.2836505202939916
21.158888888901046,14.20190476190476,2.1838832556811
21.158888888901046,14.675301587301586,2.196872860495721
21.158888888901046,15.148698412698412,2.089408761448814
21.158888888901046,15.622095238095238,2.1827984614781215
21.158888888901046,16.095492063492063,2.221511250113057
21.158888888901046,16.56888888888889,2.2480513635940964
21.158888888901046,17.042285714285715,2.118821568927053
21.158888888901046,17.51568253968254,2.0267220498569376
21.158888888901046,17.989079365079363,2.0547792696305773
21.158888888901046,18.46247619047619,2.235751009455436
21.158888888901046,18.935873015873014,2.3238668140851297
21.158888888901046,19.40926984126984,2.229623923884846
21.158888888901046,19.882666666666665,2.226884435451791
21.158888888901046,20.35606349206349,2.2677375807497078
21.158888888901046,20.829460317460317,2.2968550959994087
21.158888888901046,21.302857142857142,2.2559645583756733
21.158888888901046,21.776253968253968,2.2701931646497995
21.158888888901046,22.249650793650794,2.255704864373511
21.158888888901046,22.72304761904762,2.3356404496398606
21.158888888901046,23.19644444444444,2.333387979300381
21.158888888901046,23.669841269841267,2.196707509389927
21.158888888901046,24.143238095238093,2.2567112411366455
21.158888888901046,24.61663492063492,2.4349223885394498
21.158888888901046,25.090031746031745,2.427498818250178
21.158888888901046,25.56342857142857,2.3406699569947573
21.158888888901046,26.036825396825396,2.1999343865672882
21.158888888901046,26.51022222222222,2.2744799099280004
21.158888888901046,26.983619047619047,2.2194241878729963
21.158888888901046,27.457015873015873,2.370649763967774
21.158888888901046,27.930412698412695,2.3689665568116345
21.158888888901046,28.40380952380952,2.237263671888615
21.158888888901046,28.877206349206347,2.141907847018044
21.158888888901046,29.350603174603172,2.0304336941717884
21.158888888901046,29.823999999999998,1.9249226040470244
23.375873015884917,1.1248943957393e-311,1.9569611384850374
23.375873015884917,0.47339682539682537,2.019019461189833
23.375873015884917,0.9467936507936507,2.2249423220224727
23.375873015884917,1.4201904761904762,2.219147354458521
23.375873015884917,1.8935873015873015,2.21772685254861
23.375873015884917,2.3669841269841267,2.2156540641055105
23.375873015884917,2.8403809523809525,2.22184885158474
23.375873015884917,3.3137777777777777,2.2330594152495826
23.375873015884917,3.787174603174603,2.3272006452395058
23.375873015884917,4.260571428571429,2.3093705466963255
23.375873015884917,4.7339682539682535,2.2323189927059266
23.375873015884917,5.207365079365079,2.278999245055063
23.375873015884917,5.680761904761905,2.209304446212223
23.375873015884917,6.15415873015873,2.1698399290458203
23.375873015884917,6.627555555555555,2.22253258626195
23.375873015884917,7.10095238095238,2.1919291542198605
23.375873015884917,7.574349206349206,2.2408093879576243
23.375873015884917,8.047746031746032,2.0659971654479388
23.375873015884917,8.521142857142857,2.1134281503384624
23.375873015884917,8.994539682539681,2.336856400126098
23.375873015884917,9.467936507936507,2.407579406844102
23.375873015884917,9.941333333333333,2.414546107646645
23.375873015884917,10.414730158730158,2.38158789127606
23.375873015884917,10.888126984126984,2.4111400867444037
23.375873015884917,11.36152380952381,2.4470381610033836
23.375873015884917,11.834920634920634,2.377568150864402
23.375873015884917,12.30831746031746,2.4383809000926906
23.375873015884917,12.781714285714285,2.227495904279183
23.375873015884917,13.25511111111111,2.311612605192755
23.375873015884917,13.728507936507937,2.321492521952882
23.375873015884917,14.20190476190476,2.1457345248790802
23.375873015884917,14.675301587301586,2.041328603574063
23.375873015884917,15.148698412698412,2.098205337011374
23.375873015884917,15.622095238095238,2.1258821238511083
23.375873015884917,16.095492063492063,2.1206555205380964
23.375873015884917,16.56888888888889,2.2096219501378487
23.375873015884917,17.042285714285715,2.1685257925507195
23.375873015884917,17.51568253968254,2.125406132922914
23.375873015884917,17.989079365079363,2.053101398740752
23.375873015884917,18.46247619047619,2.215486681964547
23.375873015884917,18.935873015873014,2.2999394991737057
23.375873015884917,19.40926984126984,2.2050790013166752
23.375873015884917,19.882666666666665,2.1265816864116105
23.375873015884917,20.35606349206349,2.2252527348258364
23.375873015884917,20.829460317460317,2.2409496160738045
23.375873015884917,21.302857142857142,2.270489714374766
23.375873015884917,21.776253968253968,2.2862454327299804
23.375873015884917,22.249650793650794,2.239268184573967
23.375873015884917,22.72304761904762,2.216402209024422
23.375873015884917,23.19644444444444,2.249117471355593
23.375873015884917,23.669841269841267,2.244227292220208
23.375873015884917,24.143238095238093,2.2386166230347406
23.375873015884917,24.61663492063492,2.302217580009398
23.375873015884917,25.090031746031745,2.3163049170124785
23.375873015884917,25.56342857142857,2.3987016269039287
23.375873015884917,26.036825396825396,2.297789881091399
23.375873015884917,26.51022222222222,2.2644030698258546
23.375873015884917,26.983619047619047,2.2391048259337056
23.375873015884917,27.457015873015873,2.4040107284305723
23.375873015884917,27.930412698412695,2.2932327908731174
23.375873015884917,28.40380952380952,2.317678230448128
23.375873015884917,28.877206349206347,2.1236473836789522
23.375873015884917,29.350603174603172,2.0663178244303353
23.375873015884917,29.823999999999998,2.072272718099544
25.592857142868784,1.1248943957393e-311,2.0238805099746835
25.592857142868784,0.47339682539682537,2.142028948410215
25.592857142868784,0.9467936507936507,2.231958953055331
25.592857142868784,1.4201904761904762,2.2325502127605303
25.592857142868784,1.8935873015873015,2.1593562451279276
25.592857142868784,2.3669841269841267,2.1028712138570427
25.592857142868784,2.8403809523809525,2.219603613696175
25.592857142868784,3.3137777777777777,2.1756976390712706
25.592857142868784,3.787174603174603,2.3165310692649475
25.592857142868784,4.260571428571429,2.2756827361302667
25.592857142868784,4.7339682539682535,2.1855017581692264
25.592857142868784,5.207365079365079,2.2134687671432283
25.592857142868784,5.680761904761905,2.16725049524096
25.592857142868784,6.15415873015873,2.1709668411016643
25.592857142868784,6.627555555555555,2.05561025384826
25.592857142868784,7.10095238095238,2.0744207678168776
25.592857142868784,7.574349206349206,2.172488804260199
25.592857142868784,8.047746031746032,2.1327635109358085
25.592857142868784,8.521142857142857,2.1806279031188542
25.592857142868784,8.994539682539681,2.182864484074096
25.592857142868784,9.467936507936507,2.319066251918475
25.592857142868784,9.941333333333333,2.4603137759828204
25.592857142868784,10.414730158730158,2.5030558684279587
25.592857142868784,10.888126984126984,2.616644635950226
25.592857142868784,11.36152380952381,2.523978720922515
25.592857142868784,11.834920634920634,2.4589379700642744
25.592857142868784,12.30831746031746,2.430735641098327
25.592857142868784,12.781714285714285,2.3055741888601333
25.592857142868784,13.25511111111111,2.24326045343527
25.592857142868784,13.728507936507937,2.210389392512538
25.592857142868784,14.20190476190476,2.157373634176972
25.592857142868784,14.675301587301586,2.130130628989548
25.592857142868784,15.148698412698412,2.089149513275032
25.592857142868784,15.622095238095238,2.169846365328216
25.592857142868784,16.095492063492063,2.1447258561896403
25.592857142868784,16.56888888888889,1.9923694633628188
25.592857142868784,17.042285714285715,2.071871051404133
25.592857142868784,17.51568253968254,2.130311330652949
25.592857142868784,17.989079365079363,2.1411783801874456
25.592857142868784,18.46247619047619,2.193823013531196
25.592857142868784,18.935873015873014,2.201101001804411
25.592857142868784,19.40926984126984,2.1776314313315517
25.592857142868784,19.882666666666665,2.1861950564374233
25.592857142868784,20.35606349206349,2.1703374233071404
25.592857142868784,20.829460317460317,2.0903067924076337
25.592857142868784,21.302857142857142,2.227683970908189
25.592857142868784,21.776253968253968,2.333436707813636
25.592857142868784,22.249650793650794,2.3418621231059085
25.592857142868784,22.72304761904762,2.278946953641386
25.592857142868784,23.19644444444444,2.2200007407571527
25.592857142868784,23.669841269841267,2.322846108891972
25.592857142868784,24.143238095238093,2.421258406192959
25.592857142868784,24.61663492063492,2.365656316297384
25.592857142868784,25.090031746031745,2.367448062044078
25.592857142868784,25.56342857142857,2.388428885630045
25.592857142868784,26.036825396825396,2.3371345985419234
25.592857142868784,26.51022222222222,2.200398172571661
25.592857142868784,26.983619047619047,2.2571621915046935
25.592857142868784,27.457015873015873,2.2988500943230985
25.592857142868784,27.930412698412695,2.322916303339343
25.592857142868784,28.40380952380952,2.258880451824545
25.592857142868784,28.877206349206347,2.1337328062131613
25.592857142868784,29.350603174603172,2.0494768746016327
25.592857142868784,29.823999999999998,2.0856901850390277
27.809841269852654,1.1248943957393e-311,2.105110810438125
27.809841269852654,0.47339682539682537,2.1358493783382078
27.809841269852654,0.9467936507936507,2.105975937702691
27.809841269852654,1.4201904761904762,2.120097286601309
27.809841269852654,1.8935873015873015,2.0975836521592144
27.809841269852654,2.3669841269841267,2.070168662546375
27.809841269852654,2.8403809523809525,2.0763753092588617
27.809841269852654,3.3137777777777777,2.250379774965438
27.809841269852654,3.787174603174603,2.270024068278885
27.809841269852654,4.260571428571429,2.3106889378971873
27.809841269852654,4.7339682539682535,2.117600071525998
27.809841269852654,5.207365079365079,2.0623348631590943
27.809841269852654,5.680761904761905,2.0385440318472643
27.809841269852654,6.15415873015873,2.1794858560057975
27.809841269852654,6.627555555555555,2.1359295911335505
27.809841269852654,7.10095238095238,2.2996253784815837
27.809841269852654,7.574349206349206,2.1574931677580995
27.809841269852654,8.047746031746032,2.184999190032899
27.809841269852654,8.521142857142857,2.097655494567561
27.809841269852654,8.994539682539681,2.1074224181909513
27.809841269852654,9.467936507936507,2.1103312891274775
27.809841269852654,9.941333333333333,2.42330592763323
27.809841269852654,10.414730158730158,2.5042288165894413
27.809841269852654,10.888126984126984,2.5979524658079316
27.809841269852654,11.36152380952381,2.535437870769244
27.809841269852654,11.834920634920634,2.565528769336535
27.809841269852654,12.30831746031746,2.464236573232773
27.809841269852654,12.781714285714285,2.464382908591932
27.809841269852654,13.25511111111111,2.2673612973656554
27.809841269852654,13.728507936507937,2.131067958157183
27.809841269852654,14.20190476190476,2.0769128342772274
27.809841269852654,14.675301587301586,2.0294562637323508
27.809841269852654,15.148698412698412,2.1397993811546594
27.809841269852654,15.622095238095238,2.1454692317510147
27.809841269852654,16.095492063492063,2.0140318337409595
27.809841269852654,16.56888888888889,2.0169848822978467
27.809841269852654,17.042285714285715,2.1087133247007217
27.809841269852654,17.51568253968254,2.230894796957434
27.809841269852654,17.989079365079363,2.262959571618615
27.809841269852654,18.46247619047619,2.162173094928129
27.809841269852654,18.935873015873014,2.154263314796129
27.809841269852654,19.40926984126984,2.1333933538044185
27.809841269852654,19.882666666666665,2.165227201154537
27.809841269852654,20.35606349206349,2.159178977254854
27.809841269852654,20.829460317460317,2.005912605079317
27.809841269852654,21.302857142857142,2.072342119755114
27.809841269852654,21.776253968253968,2.296021180226579
27.809841269852654,22.249650793650794,2.309387444631704
27.809841269852654,22.72304761904762,2.2854097069398365
27.809841269852654,23.19644444444444,2.3462286307088296
27.809841269852654,23.669841269841267,2.329096354892324
27.809841269852654,24.143238095238093,2.3401134826629146
27.809841269852654,24.61663492063492,2.3566191915428147
27.809841269852654,25.090031746031745,2.365859941413411
27.809841269852654,25.56342857142857,2.2356417333233836
27.809841269852654,26.036825396825396,2.2453374712879066
27.809841269852654,26.51022222222222,2.2914356739140014
27.809841269852654,26.983619047619047,2.254038898224747
27.809841269852654,27.457015873015873,2.2794537381496913
27.809841269852654,27.930412698412695,2.2053352933725576
27.809841269852654,28.40380952380952,2.197860595797801
27.809841269852654,28.877206349206347,2.1894013578588454
27.809841269852654,29.350603174603172,2.100634084795736
27.809841269852654,29.823999999999998,2.0917978527677206
30.02682539683652,1.1248943957393e-311,2.2074068661563278
30.02682539683652,0.47339682539682537,2.1534577154835226
30.02682539683652,0.9467936507936507,2.208546248698254
30.02682539683652,1.4201904761904762,2.1995366524778093
30.02682539683652,1.8935873015873015,2.1629557059286597
30.02682539683652,2.3669841269841267,1.9473501716722919
30.02682539683652,2.8403809523809525,2.055278312092921
30.02682539683652,3.3137777777777777,2.1369106075032955
30.02682539683652,3.787174603174603,2.172234846253415
30.02682539683652,4.260571428571429,2.1453688515125413
30.02682539683652,4.7339682539682535,2.0349355419654667
30.02682539683652,5.207365079365079,2.0172607523964734
30.02682539683652,5.680761904761905,2.0835617676118883
30.02682539683652,6.15415873015873,2.16515834833164
30.02682539683652,6.627555555555555,2.243247443091251
30.02682539683652,7.10095238095238,2.1881836711525726
30.02682539683652,7.574349206349206,2.0997619544401314
30.02682539683652,8.047746031746032,1.9819660854538645
30.02682539683652,8.521142857142857,2.0031952275076943
30.02682539683652,8.994539682539681,2.11215158535617
30.02682539683652,9.467936507936507,2.203370602031868
30.02682539683652,9.941333333333333,2.1804283362456656
30.02682539683652,10.414730158730158,2.2533781537148423
30.02682539683652,10.888126984126984,2.4261571912887585
30.02682539683652,11.36152380952381,2.488245465135937
30.02682539683652,11.834920634920634,2.5786690624485393
30.02682539683652,12.30831746031746,2.4676559422479647
30.02682539683652,12.781714285714285,2.482142167244721
30.02682539683652,13.25511111111111,2.2808647139531284
30.02682539683652,13.728507936507937,2.180309434434591
30.02682539683652,14.20190476190476,2.040059738697209
30.02682539683652,14.675301587301586,2.0353026909691843
30.02682539683652,15.148698412698412,1.9869227210391986
30.02682539683652,15.622095238095238,2.0298322374307904
30.02682539683652,16.095492063492063,2.114879051562687
30.02682539683652,16.56888888888889,2.12775245350026
30.02682539683652,17.042285714285715,2.2253143901284886
30.02682539683652,17.51568253968254,2.3087696021165334
30.02682539683652,17.989079365079363,2.168729694705677
30.02682539683652,18.46247619047619,2.06365938863686
30.02682539683652,18.935873015873014,2.038335848411994
30.02682539683652,19.40926984126984,2.110149196615499
30.02682539683652,19.882666666666665,2.212302654564608
30.02682539683652,20.35606349206349,2.190924607755477
30.02682539683652,20.829460317460317,2.160333602859047
30.02682539683652,21.302857142857142,2.0804062536322347
30.02682539683652,21.776253968253968,2.2927807519652914
30.02682539683652,22.249650793650794,2.220348994875646
30.02682539683652,22.72304761904762,2.3075216053395637
30.02682539683652,23.19644444444444,2.2369932462406186
30.02682539683652,23.669841269841267,2.2771525785013704
30.02682539683652,24.143238095238093,2.081661354588773
30.02682539683652,24.61663492063492,2.2560035765855746
30.02682539683652,25.090031746031745,2.3225181973792464
30.02682539683652,25.56342857142857,2.2375210485638526
30.02682539683652,26.036825396825396,2.2844802372440935
30.02682539683652,26.51022222222222,2.290023514955265
30.02682539683652,26.983619047619047,2.147586615876947
30.02682539683652,27.457015873015873,2.226452067693113
30.02682539683652,27.930412698412695,2.204692176259685
30.02682539683652,28.40380952380952,2.247497350738265
30.02682539683652,28.877206349206347,2.190205097299225
30.02682539683652,29.350603174603172,2.1044171020426266
30.02682539683652,29.823999999999998,2.104991540804721
32.24380952382039,1.1248943957393e-311,2.1523465998368834
32.24380952382039,0.47339682539682537,2.0767029661817817
32.24380952382039,0.9467936507936507,2.2416234762960006
32.24380952382039,1.4201904761904762,2.1826273982730315
32.24380952382039,1.8935873015873015,2.2162094795892804
32.24380952382039,2.3669841269841267,2.0497308011279562
32.24380952382039,2.8403809523809525,1.999429593767378
32.24380952382039,3.3137777777777777,2.0457957754251144
32.24380952382039,3.787174603174603,2.126186594096281
32.24380952382039,4.260571428571429,1.9681899142218575
32.24380952382039,4.7339682539682535,2.1296500206054625
32.24380952382039,5.207365079365079,2.017105043590098
32.24380952382039,5.680761904761905,2.0056978389178846
32.24380952382039,6.15415873015873,2.054946762897612
32.24380952382039,6.627555555555555,2.098605320633706
32.24380952382039,7.10095238095238,2.158598449730421
32.24380952382039,7.574349206349206,2.1564515784902873
32.24380952382039,8.047746031746032,2.100102334442165
32.24380952382039,8.521142857142857,2.139507742645687
32.24380952382039,8.994539682539681,2.0723414119165713
32.24380952382039,9.467936507936507,2.0234093193397396
32.24380952382039,9.941333333333333,2.080886567480781
32.24380952382039,10.414730158730158,2.1861882951343903
32.24380952382039,10.888126984126984,2.266296156480878
32.24380952382039,11.36152380952381,2.3573198426264077
32.24380952382039,11.834920634920634,2.568666466413184
32.24380952382039,12.30831746031746,2.571316877005272
32.24380952382039,12.781714285714285,2.265551609220014
32.24380952382039,13.25511111111111,2.106198466297459
32.24380952382039,13.728507936507937,2.1651738381198005
32.24380952382039,14.20190476190476,2.146912889780466
32.24380952382039,14.675301587301586,2.0729597017676356
32.24380952382039,15.148698412698412,1.9963613094331079
32.24380952382039,15.622095238095238,2.2222167284358396
32.24380952382039,16.095492063492063,2.247433430696908
32.24380952382039,16.56888888888889,2.300289868142713
32.24380952382039,17.042285714285715,2.203094646896208
32.24380952382039,17.51568253968254,2.1440318812107857
32.24380952382039,17.989079365079363,2.1501892047685427
32.24380952382039,18.46247619047619,2.1819298806595677
32.24380952382039,18.935873015873014,2.1602974785342757
32.24380952382039,19.40926984126984,2.212101827852234
32.24380952382039,19.882666666666665,2.2022911639931264
32.24380952382039,20.35606349206349,2.184825070671022
32.24380952382039,20.829460317460317,2.066004416802348
32.24380952382039,21.302857142857142,2.0919733553817377
32.24380952382039,21.776253968253968,2.215957686393952
32.24380952382039,22.249650793650794,2.2267388910061108
32.24380952382039,22.72304761904762,2.1339612097058467
32.24380952382039,23.19644444444444,2.1794534177235225
32.24380952382039,23.669841269841267,2.290194169469108
32.24380952382039,24.143238095238093,2.1316216780756454
32.24380952382039,24.61663492063492,2.0839220226126
32.24380952382039,25.090031746031745,2.120298597901284
32.24380952382039,25.56342857142857,2.2177247693849087
32.24380952382039,26.036825396825396,2.1109928618003266
32.24380952382039,26.51022222222222,2.212901312426691
32.24380952382039,26.983619047619047,2.113366703100159
32.24380952382039,27.457015873015873,2.174414888841942
32.24380952382039,27.930412698412695,2.2981980988263886
32.24380952382039,28.40380952380952,2.2559214599128503
32.24380952382039,28.877206349206347,2.105182170370295
32.24380952382039,29.350603174603172,2.121568183089169
32.24380952382039,29.823999999999998,2.052397292829518
34.46079365080426,1.1248943957393e-311,2.196400038301591
34.46079365080426,0.47339682539682537,2.244945825161369
34.46079365080426,0.9467936507936507,2.1641443742497666
34.46079365080426,1.4201904761904762,2.15659513023424
34.46079365080426,1.8935873015873015,2.0854327364553202
34.46079365080426,2.3669841269841267,2.1664930266271982
34.46079365080426,2.8403809523809525,2.065492522858545
34.46079365080426,3.3137777777777777,1.9864308522690997
34.46079365080426,3.787174603174603,2.008458146065556
34.46079365080426,4.260571428571429,2.0396523539064986
34.46079365080426,4.7339682539682535,2.010109715752343
34.46079365080426,5.207365079365079,1.9698101126936238
34.46079365080426,5.680761904761905,2.025775801474788
34.46079365080426,6.15415873015873,2.1255897993394486
34.46079365080426,6.627555555555555,2.127091225674265
34.46079365080426,7.10095238095238,2.2200183569241907
34.46079365080426,7.574349206349206,2.1574286153006095
34.46079365080426,8.047746031746032,2.218789890047118
34.46079365080426,8.521142857142857,2.0928172286932885
34.46079365080426,8.994539682539681,1.9018931235997352
34.46079365080426,9.467936507936507,1.9569619211006712
34.46079365080426,9.941333333333333,2.1519965267497243
34.46079365080426,10.414730158730158,2.241293923509071
34.46079365080426,10.888126984126984,2.2285066570738232
34.46079365080426,11.36152380952381,2.3397873088884658
34.46079365080426,11.834920634920634,2.5762349425839375
34.46079365080426,12.30831746031746,2.4864324576498325
34.46079365080426,12.781714285714285,2.241526710653205
34.46079365080426,13.25511111111111,1.9712431361741292
34.46079365080426,13.728507936507937,2.024883445768553
34.46079365080426,14.20190476190476,2.166732732748963
34.46079365080426,14.675301587301586,2.1221866239954066
34.46079365080426,15.148698412698412,2.0675198063605307
34.46079365080426,15.622095238095238,2.1807427014182297
34.46079365080426,16.095492063492063,2.1182803050257344
34.46079365080426,16.56888888888889,2.260984053714149
34.46079365080426,17.042285714285715,2.223562432388519
34.46079365080426,17.51568253968254,2.2509068803889742
34.46079365080426,17.989079365079363,2.1368706829213533
34.46079365080426,18.46247619047619,2.138322084059595
34.46079365080426,18.935873015873014,2.004020031111939
34.46079365080426,19.40926984126984,2.2066372434148307
34.46079365080426,19.882666666666665,2.1937328212364458
34.46079365080426,20.35606349206349,2.1895895133665952
34.46079365080426,20.829460317460317,2.146971558550256
34.46079365080426,21.302857142857142,2.2974582254085973
34.46079365080426,21.776253968253968,2.1209439595091104
34.46079365080426,22.249650793650794,2.15880602447814
34.46079365080426,22.72304761904762,2.0620292457692706
34.46079365080426,23.19644444444444,2.1968306830404707
34.46079365080426,23.669841269841267,2.238074068713435
34.46079365080426,24.143238095238093,2.1386386581430443
34.46079365080426,24.61663492063492,2.0963750840292015
34.46079365080426,25.090031746031745,2.115364193469101
34.46079365080426,25.56342857142857,2.0884991746196526
34.46079365080426,26.036825396825396,2.0603996461578
34.46079365080426,26.51022222222222,2.1802156184648362
34.46079365080426,26.983619047619047,2.1448759350407194
34.46079365080426,27.457015873015873,2.1578687403812133
34.46079365080426,27.930412698412695,2.157792065556182
34.46079365080426,28.40380952380952,2.1453315196616556
34.46079365080426,28.877206349206347,2.008778539748915
34.46079365080426,29.350603174603172,2.0766731580725444
34.46079365080426,29.823999999999998,2.069878163037347
36.67777777778812,1.1248943957393e-311,2.2593414067714344
36.67777777778812,0.47339682539682537,2.2385134113763727
36.67777777778812,0.9467936507936507,2.10010081110681
36.67777777778812,1.4201904761904762,2.1452620610456217
36.67777777778812,1.8935873015873015,2.0743155470304937
36.67777777778812,2.3669841269841267,2.1206796379281942
36.67777777778812,2.8403809523809525,2.033276811274598
36.67777777778812,3.3137777777777777,1.9943251845648966
36.67777777778812,3.787174603174603,2.0785956496299782
36.67777777778812,4.260571428571429,2.0798617543492197
36.67777777778812,4.7339682539682535,2.0413219116051815
36.67777777778812,5.207365079365079,2.090358272911344
36.67777777778812,5.680761904761905,2.1554676380565536
36.67777777778812,6.15415873015873,2.140395262719845
36.67777777778812,6.627555555555555,2.0223206733297134
36.67777777778812,7.10095238095238,2.1688524239008693
36.67777777778812,7.574349206349206,2.157201074136356
36.67777777778812,8.047746031746032,2.096442332329415
36.67777777778812,8.521142857142857,1.9914473229023164
36.67777777778812,8.994539682539681,1.9852512098524
36.67777777778812,9.467936507936507,2.0291523379276275
36.67777777778812,9.941333333333333,2.195273455826024
36.67777777778812,10.414730158730158,2.216187086204288
36.67777777778812,10.888126984126984,2.213991894747261
36.67777777778812,11.36152380952381,2.2974775094820457
36.67777777778812,11.834920634920634,2.3398301180120287
36.67777777778812,12.30831746031746,2.3703129502957134
36.67777777778812,12.781714285714285,2.3002634089287137
36.67777777778812,13.25511111111111,2.1581306507955182
36.67777777778812,13.728507936507937,2.178083191532437
36.67777777778812,14.20190476190476,2.0776744983440745
36.67777777778812,14.675301587301586,2.143755346539565
36.67777777778812,15.148698412698412,2.2068630967418574
36.67777777778812,15.622095238095238,2.1191142583427216
36.67777777778812,16.095492063492063,2.0982311547994006
36.67777777778812,16.56888888888889,2.1544552820270257
36.67777777778812,17.042285714285715,2.340021617912055
36.67777777778812,17.51568253968254,2.276614358093594
36.67777777778812,17.989079365079363,2.0312792315273795
36.67777777778812,18.46247619047619,1.9933203134700794
36.67777777778812,18.935873015873014,2.136362573409387
36.67777777778812,19.40926984126984,2.1715960935517833
36.67777777778812,19.882666666666665,2.1744815925558996
36.67777777778812,20.35606349206349,2.20687325891742
36.67777777778812,20.829460317460317,2.2286931882829335
36.67777777778812,21.302857142857142,2.200525803699682
36.67777777778812,21.776253968253968,2.1044608945933607
36.67777777778812,22.249650793650794,2.166588307719824
36.67777777778812,22.72304761904762,2.0716372647304966
36.67777777778812,23.19644444444444,2.1472403392382287
36.67777777778812,23.669841269841267,2.1807387345699847
36.67777777778812,24.143238095238093,2.2625057578698655
36.67777777778812,24.61663492063492,2.283157327755242
36.67777777778812,25.090031746031745,2.179037173924667
36.67777777778812,25.56342857142857,2.1636867375952646
36.67777777778812,26.036825396825396,2.1221095602244517
36.67777777778812,26.51022222222222,2.1934523699503794
36.67777777778812,26.983619047619047,2.2422700710159753
36.67777777778812,27.457015873015873,2.0438418962543303
36.67777777778812,27.930412698412695,2.072265230107885
36.67777777778812,28.40380952380952,2.1447900655503966
36.67777777778812,28.877206349206347,2.110810431089365
36.67777777778812,29.350603174603172,2.1516407361277157
36.67777777778812,29.823999999999998,2.1372996290244797
38.894761904772,1.1248943957393e-311,2.232009288874522
38.894761904772,0.47339682539682537,2.0806284443496494
38.894761904772,0.9467936507936507,2.1475265747931784
38.894761904772,1.4201904761904762,2.284848558270442
38.894761904772,1.8935873015873015,2.251214317216588
38.894761904772,2.3669841269841267,2.117555473712905
38.894761904772,2.8403809523809525,2.0528159194673576
38.894761904772,3.3137777777777777,2.1235959279851326
38.894761904772,3.787174603174603,2.110546667148795
38.894761904772,4.260571428571429,2.0801046746957392
38.894761904772,4.7339682539682535,2.0932641585597955
38.894761904772,5.207365079365079,2.119491545708476
38.894761904772,5.680761904761905,2.065608388973019
38.894761904772,6.15415873015873,2.0733603412486543
38.894761904772,6.627555555555555,2.052581388796185
38.894761904772,7.10095238095238,2.141067741755895
38.894761904772,7.574349206349206,2.1469866326957825
38.894761904772,8.047746031746032,2.0967815268748558
38.894761904772,8.521142857142857,2.0649581406852286
38.894761904772,8.994539682539681,2.0654534972213057
38.894761904772,9.467936507936507,2.087539227152668
38.894761904772,9.941333333333333,2.1830396481139522
38.894761904772,10.414730158730158,2.1280739654443805
38.894761904772,10.888126984126984,2.168287050316201
38.894761904772,11.36152380952381,2.3022584219377076
38.894761904772,11.834920634920634,2.2734044555643993
38.894761904772,12.30831746031746,2.3178409417825994
38.894761904772,12.781714285714285,2.3737321704748644
38.894761904772,13.25511111111111,2.2771608086063693
38.894761904772,13.728507936507937,1.9208500959816748
38.894761904772,14.20190476190476,1.997896659705713
38.894761904772,14.675301587301586,2.20738450853262
38.894761904772,15.148698412698412,2.2879128814783267
38.894761904772,15.622095238095238,2.227967692571976
38.894761904772,16.095492063492063,2.1829505827576505
38.894761904772,16.56888888888889,2.1235661720268726
38.894761904772,17.042285714285715,2.212872312730456
38.894761904772,17.51568253968254,2.1318276839937327
38.894761904772,17.989079365079363,2.24455104084823
38.894761904772,18.46247619047619,2.1640435297380494
38.894761904772,18.935873015873014,2.06179346561251
38.894761904772,19.40926984126984,2.0085560021256494
38.894761904772,19.882666666666665,2.092411210799959
38.894761904772,20.35606349206349,2.1012284467621174
38.894761904772,20.829460317460317,2.2089217051308876
38.894761904772,21.302857142857142,2.08503174879112
38.894761904772,21.776253968253968,2.0451296259791825
38.894761904772,22.249650793650794,2.071459701928339
38.894761904772,22.72304761904762,2.177099761274076
38.894761904772,23.19644444444444,2.2420146482686625
38.894761904772,23.669841269841267,2.319566870780518
38.894761904772,24.143238095238093,2.341913101264315
38.894761904772,24.61663492063492,2.2073254589880715
38.894761904772,25.090031746031745,2.0400400483142933
38.894761904772,25.56342857142857,2.0312732462709087
38.894761904772,26.036825396825396,2.174065085284928
38.894761904772,26.51022222222222,2.293680824234727
38.894761904772,26.983619047619047,2.2114560108017467
38.894761904772,27.457015873015873,2.109922075049196
38.894761904772,27.930412698412695,2.1728749805623386
38.894761904772,28.40380952380952,2.2353041135728273
38.894761904772,28.877206349206347,2.1693331742237767
38.894761904772,29.350603174603172,2.2140105708537967
38.894761904772,29.823999999999998,2.213213995199128
41.111746031755864,1.1248943957393e-311,2.1904873293548897
41.111746031755864,0.47339682539682537,2.163631012120009
41.111746031755864,0.9467936507936507,2.234452786021309
41.111746031755864,1.4201904761904762,2.177121605697667
41.111746031755864,1.8935873015873015,2.2639750871267097
41.111746031755864,2.3669841269841267,2.034846899151114
41.111746031755864,2.8403809523809525,2.103587666406922
41.111746031755864,3.3137777777777777,2.239275951814537
41.111746031755864,3.787174603174603,2.1534747850800855
41.111746031755864,4.260571428571429,2.159184496482217
41.111746031755864,4.7339682539682535,2.0965055170381546
41.111746031755864,5.207365079365079,2.036283637664021
41.111746031755864,5.680761904761905,2.0357649879219104
41.111746031755864,6.15415873015873,2.046563363880713
41.111746031755864,6.627555555555555,1.9855721423252293
41.111746031755864,7.10095238095238,2.0114732366739525
41.111746031755864,7.574349206349206,1.9644019071058854
41.111746031755864,8.047746031746032,2.0095529069115985
41.111746031755864,8.521142857142857,2.1044594902522396
41.111746031755864,8.994539682539681,2.0305319533470056
41.111746031755864,9.467936507936507,1.9418516239440002
41.111746031755864,9.941333333333333,2.0829914459954755
41.111746031755864,10.414730158730158,2.146483559488634
41.111746031755864,10.888126984126984,2.3056075041765394
41.111746031755864,11.36152380952381,2.307039494925933
41.111746031755864,11.834920634920634,2.2564220975607756
41.111746031755864,12.30831746031746,2.182081350185924
41.111746031755864,12.781714285714285,2.1918234251155884
41.111746031755864,13.25511111111111,2.115817171687422
41.111746031755864,13.728507936507937,2.0815063947571324
41.111746031755864,14.20190476190476,2.161145316348315
41.111746031755864,14.675301587301586,2.2044578435995623
41.111746031755864,15.148698412698412,2.2662127627286677
41.111746031755864,15.622095238095238,2.1888621335690392
41.111746031755864,16.095492063492063,2.0715157551036723
41.111746031755864,16.56888888888889,2.1520974149515855
41.111746031755864,17.042285714285715,2.1329106503618047
41.111746031755864,17.51568253968254,2.258033414630502
41.111746031755864,17.989079365079363,2.297661713798396
41.111746031755864,18.46247619047619,2.2260044924768896
41.111746031755864,18.935873015873014,2.0262255185641918
41.111746031755864,19.40926984126984,1.9080766483334828
41.111746031755864,19.882666666666665,2.013529073822479
41.111746031755864,20.35606349206349,2.163145671907854
41.111746031755864,20.829460317460317,2.160076812935836
41.111746031755864,21.302857142857142,2.0880506005578954
41.111746031755864,21.776253968253968,2.0760849970037993
41.111746031755864,22.249650793650794,2.0982938667944366
41.111746031755864,22.72304761904762,2.1564952703363214
41.111746031755864,23.19644444444444,2.254989369488828
41.111746031755864,23.669841269841267,2.4248463932929103
41.111746031755864,24.143238095238093,2.234843630197457
41.111746031755864,24.61663492063492,2.0573903719847344
41.111746031755864,25.090031746031745,2.1554418418531434
41.111746031755864,25.56342857142857,2.212727755588018
41.111746031755864,26.036825396825396,2.2228356203705992
41.111746031755864,26.51022222222222,2.2799869500711787
41.111746031755864,26.983619047619047,2.1568788000511616
41.111746031755864,27.457015873015873,2.176644251183964
41.111746031755864,27.930412698412695,2.1757277983801546
41.111746031755864,28.40380952380952,2.187258380618396
41.111746031755864,28.877206349206347,2.2014397727238224
41.111746031755864,29.350603174603172,2.2192141802434247
41.111746031755864,29.823999999999998,2.2400285033316365
43.32873015873973,1.1248943957393e-311,2.2523719069420234
43.32873015873973,0.47339682539682537,2.1550466594813877
43.32873015873973,0.9467936507936507,2.3202966389959774
43.32873015873973,1.4201904761904762,2.187844697553063
43.32873015873973,1.8935873015873015,2.200989948288323
43.32873015873973,2.3669841269841267,2.1290074674535364
43.32873015873973,2.8403809523809525,2.1399414055509767
43.32873015873973,3.3137777777777777,2.0470099590422577
43.32873015873973,3.787174603174603,2.134207428558894
43.32873015873973,4.260571428571429,2.0366810080825135
43.32873015873973,4.7339682539682535,2.0419793640339385
43.32873015873973,5.207365079365079,1.961685166295632
43.32873015873973,5.680761904761905,2.0521980981036876
43.32873015873973,6.15415873015873,1.997464051807435
43.32873015873973,6.627555555555555,1.877174199576872
43.32873015873973,7.10095238095238,1.9422373614353448
43.32873015873973,7.574349206349206,1.9978890173342585
43.32873015873973,8.047746031746032,2.097348580445636
43.32873015873973,8.521142857142857,2.0458564123801315
43.32873015873973,8.994539682539681,2.137947148327489
43.32873015873973,9.467936507936507,2.0125451363751377
43.32873015873973,9.941333333333333,2.1341745104587853
43.32873015873973,10.414730158730158,2.1389401259203855
43.32873015873973,10.888126984126984,2.3495824496057467
43.32873015873973,11.36152380952381,2.3116745070498714
43.32873015873973,11.834920634920634,2.225750335712188
43.32873015873973,12.30831746031746,2.090744272086341
43.32873015873973,12.781714285714285,2.152294683982717
43.32873015873973,13.25511111111111,2.0920596178316253
43.32873015873973,13.728507936507937,2.206799298118159
43.32873015873973,14.20190476190476,2.223369581750965
43.32873015873973,14.675301587301586,2.1684180475633648
43.32873015873973,15.148698412698412,2.0813593283339515
43.32873015873973,15.622095238095238,2.1139955588169625
43.32873015873973,16.095492063492063,2.03273360392134
43.32873015873973,16.56888888888889,2.0639447061760565
43.32873015873973,17.042285714285715,2.168562825329137
43.32873015873973,17.51568253968254,2.273078963456143
43.32873015873973,17.989079365079363,2.2934163314457976
43.32873015873973,18.46247619047619,2.261059170166124
43.32873015873973,18.935873015873014,2.136133021673323
43.32873015873973,19.40926984126984,2.104950147896252
43.32873015873973,19.882666666666665,2.061216191484473
43.32873015873973,20.35606349206349,2.10349170761326
43.32873015873973,20.829460317460317,2.160340289037235
43.32873015873973,21.302857142857142,2.1283948016644314
43.32873015873973,21.776253968253968,2.017982190651569
43.32873015873973,22.249650793650794,2.101795568308566
43.32873015873973,22.72304761904762,2.0757092554623573
43.32873015873973,23.19644444444444,2.2585625295404337
43.32873015873973,23.669841269841267,2.253905389769929
43.32873015873973,24.143238095238093,2.265318066151109
43.32873015873973,24.61663492063492,1.9690279834711688
43.32873015873973,25.090031746031745,2.0180464306263217
43.32873015873973,25.56342857142857,2.1569159499548753
43.32873015873973,26.036825396825396,2.248258496714445
43.32873015873973,26.51022222222222,2.224259901426634
43.32873015873973,26.983619047619047,2.249337425489063
43.32873015873973,27.457015873015873,2.292115507482202
43.32873015873973,27.930412698412695,2.204519383323292
43.32873015873973,28.40380952380952,2.111741608346076
43.32873015873973,28.877206349206347,2.1219043195716756
43.32873015873973,29.350603174603172,2.115321482850789
43.32873015873973,29.823999999999998,2.2018055120981868
45.5457142857236,1.1248943957393e-311,2.329907324325503
45.5457142857236,0.47339682539682537,2.233527314398857
45.5457142857236,0.9467936507936507,2.3432208597088584
45.5457142857236,1.4201904761904762,2.279689282220393
45.5457142857236,1.8935873015873015,2.334671352300048
45.5457142857236,2.3669841269841267,2.1845991041923276
45.5457142857236,2.8403809523809525,2.0837724151036596
45.5457142857236,3.3137777777777777,2.0893434975269884
45.5457142857236,3.787174603174603,1.940341980329877
45.5457142857236,4.260571428571429,1.9524081269123958
45.5457142857236,4.7339682539682535,2.0142831158934227
45.5457142857236,5.207365079365079,1.887825892479914
45.5457142857236,5.680761904761905,1.987714547241119
45.5457142857236,6.15415873015873,1.9931748019345075
45.5457142857236,6.627555555555555,1.9344242721106901
45.5457142857236,7.10095238095238,1.9804519937233063
45.5457142857236,7.574349206349206,2.006384653573542
45.5457142857236,8.047746031746032,1.9927047509972662
45.5457142857236,8.521142857142857,2.028179428448775
45.5457142857236,8.994539682539681,2.1139987924231733
45.5457142857236,9.467936507936507,2.131078651046377
45.5457142857236,9.941333333333333,2.2173704068521576
45.5457142857236,10.414730158730158,2.245317440665291
45.5457142857236,10.888126984126984,2.349569150760059
45.5457142857236,11.36152380952381,2.284332316002174
45.5457142857236,11.834920634920634,2.334195022537738
45.5457142857236,12.30831746031746,2.154825455289716
45.5457142857236,12.781714285714285,2.1077731657608383
45.5457142857236,13.25511111111111,2.098700590154656
45.5457142857236,13.728507936507937,2.107454928211445
45.5457142857236,14.20190476190476,2.169642470695166
45.5457142857236,14.675301587301586,2.2341201173277554
45.5457142857236,15.148698412698412,2.114949456392272
45.5457142857236,15.622095238095238,2.120789650707738
45.5457142857236,16.095492063492063,2.0796534608263646
45.5457142857236,16.56888888888889,2.06838452592676
45.5457142857236,17.042285714285715,2.1291782146491527
45.5457142857236,17.51568253968254,2.0800763284522406
45.5457142857236,17.989079365079363,2.097650807343183
45.5457142857236,18.46247619047619,2.1524028579837338
45.5457142857236,18.935873015873014,2.0854133273553366
45.5457142857236,19.40926984126984,2.050742075386725
45.5457142857236,19.882666666666665,2.046003549162443
45.5457142857236,20.35606349206349,2.123009840471234
45.5457142857236,20.829460317460317,2.158219262294416
45.5457142857236,21.302857142857142,2.1012086451005314
45.5457142857236,21.776253968253968,2.122542240075886
45.5457142857236,22.249650793650794,2.0629748575747646
45.5457142857236,22.72304761904762,2.1341698815201573
45.5457142857236,23.19644444444444,2.161752209625155
45.5457142857236,23.669841269841267,2.263587737347605
45.5457142857236,24.143238095238093,2.3101197763224857
45.5457142857236,24.61663492063492,1.9640396654018248
45.5457142857236,25.090031746031745,2.035893900175472
45.5457142857236,25.56342857142857,2.124674912447935
45.5457142857236,26.036825396825396,2.2391928125723397
45.5457142857236,26.51022222222222,2.3505546104653594
45.5457142857236,26.983619047619047,2.2570022870442714
45.5457142857236,27.457015873015873,2.264731989347221
45.5457142857236,27.930412698412695,2.2623172288743527
45.5457142857236,28.40380952380952,2.13039881784645
45.5457142857236,28.877206349206347,2.136283207341691
45.5457142857236,29.350603174603172,2.079134200244682
45.5457142857236,29.823999999999998,2.06776330369036
47.76269841270747,1.1248943957393e-311,2.235501863730125
47.76269841270747,0.47339682539682537,2.288319888825492
47.76269841270747,0.9467936507936507,2.2761461905107776
47.76269841270747,1.4201904761904762,2.165099223936344
47.76269841270747,1.8935873015873015,2.191934376796508
47.76269841270747,2.3669841269841267,2.222208519681352
47.76269841270747,2.8403809523809525,2.1743886006467013
47.76269841270747,3.3137777777777777,2.002618378309429
47.76269841270747,3.787174603174603,2.0490816488756685
47.76269841270747,4.260571428571429,2.1209963553475055
47.76269841270747,4.7339682539682535,2.1336451969995833
47.76269841270747,5.207365079365079,2.0188102705344604
47.76269841270747,5.680761904761905,1.9772729100593798
47.76269841270747,6.15415873015873,1.8798979133066889
47.76269841270747,6.627555555555555,1.824971428276882
47.76269841270747,7.10095238095238,1.9499454168651604
47.76269841270747,7.574349206349206,2.0722461329375883
47.76269841270747,8.047746031746032,2.1043705598032427
47.76269841270747,8.521142857142857,2.0984162170461884
47.76269841270747,8.994539682539681,2.1173964000546643
47.76269841270747,9.467936507936507,2.1856101781544566
47.76269841270747,9.941333333333333,2.280173224941745
47.76269841270747,10.414730158730158,2.4078838185782403
47.76269841270747,10.888126984126984,2.4337393999060404
47.76269841270747,11.36152380952381,2.3065975612979335
47.76269841270747,11.834920634920634,2.2914453138381194
47.76269841270747,12.30831746031746,2.203174965519816
47.76269841270747,12.781714285714285,2.265247733808502
47.76269841270747,13.25511111111111,2.0992851144797413
47.76269841270747,13.728507936507937,2.1837269484257877
47.76269841270747,14.20190476190476,2.167989871123365
47.76269841270747,14.675301587301586,2.2305697763470143
47.76269841270747,15.148698412698412,2.1993998265758603
47.76269841270747,15.622095238095238,2.1901410972841666
47.76269841270747,16.095492063492063,2.0791073507711584
47.76269841270747,16.56888888888889,2.0601524831200266
47.76269841270747,17.042285714285715,2.047857734306859
47.76269841270747,17.51568253968254,1.9847598121522128
47.76269841270747,17.989079365079363,2.1845170763163493
47.76269841270747,18.46247619047619,2.1297810410248235
47.76269841270747,18.935873015873014,2.112419052443612
47.76269841270747,19.40926984126984,2.0222333418461966
47.76269841270747,19.882666666666665,1.9755021294188988
47.76269841270747,20.35606349206349,1.895970801408368
47.76269841270747,20.829460317460317,2.105102166781991
47.76269841270747,21.302857142857142,2.097415933675328
47.76269841270747,21.776253968253968,2.166690345993514
47.76269841270747,22.249650793650794,2.04370217226272
47.76269841270747,22.72304761904762,2.0935248753270366
47.76269841270747,23.19644444444444,2.000103820212024
47.76269841270747,23.669841269841267,2.344306480026388
47.76269841270747,24.143238095238093,2.264704996583758
47.76269841270747,24.61663492063492,2.207841213449417
47.76269841270747,25.090031746031745,2.1381938496506936
47.76269841270747,25.56342857142857,2.2106512225659602
47.76269841270747,26.036825396825396,2.2634027356383637
47.76269841270747,26.51022222222222,2.2876725643382003
47.76269841270747,26.983619047619047,2.312118841971812
47.76269841270747,27.457015873015873,2.2738717515448683
47.76269841270747,27.930412698412695,2.2567993335219234
47.76269841270747,28.40380952380952,2.1859235677031497
47.76269841270747,28.877206349206347,2.204336694516428
47.76269841270747,29.350603174603172,2.224510952804631
47.76269841270747,29.823999999999998,2.20299842572063
49.97968253969134,1.1248943957393e-311,2.3541618263223114
49.97968253969134,0.47339682539682537,2.2394723364026348
49.97968253969134,0.9467936507936507,2.2711796853440025
49.97968253969134,1.4201904761904762,2.192232225473215
49.97968253969134,1.8935873015873015,2.2157627638384065
49.97968253969134,2.3669841269841267,2.1713728267493915
49.97968253969134,2.8403809523809525,2.223027927398047
49.97968253969134,3.3137777777777777,2.104362143215421
49.97968253969134,3.787174603174603,2.153480696584988
49.97968253969134,4.260571428571429,2.138986997691901
49.97968253969134,4.7339682539682535,2.112688755403897
49.97968253969134,5.207365079365079,2.0567234146572413
49.97968253969134,5.680761904761905,2.037194559880573
49.97968253969134,6.15415873015873,1.9877104663323515
49.97968253969134,6.627555555555555,1.9949297382519977
49.97968253969134,7.10095238095238,2.1012510233166863
49.97968253969134,7.574349206349206,2.175828626755578
49.97968253969134,8.047746031746032,2.2405381117601695
49.97968253969134,8.521142857142857,2.1656371606412543
49.97968253969134,8.994539682539681,2.0612393373205133
49.97968253969134,9.467936507936507,2.2443234343247673
49.97968253969134,9.941333333333333,2.422821832208019
49.97968253969134,10.414730158730158,2.4735216941055502
49.97968253969134,10.888126984126984,2.4612586301813058
49.97968253969134,11.36152380952381,2.2910514453622977
49.97968253969134,11.834920634920634,2.262212405420298
49.97968253969134,12.30831746031746,2.2441527335632196
49.97968253969134,12.781714285714285,2.245245630924317
49.97968253969134,13.25511111111111,2.2459139081062487
49.97968253969134,13.728507936507937,2.205408121390976
49.97968253969134,14.20190476190476,2.090914824128397
49.97968253969134,14.675301587301586,2.1551898739333826
49.97968253969134,15.148698412698412,2.208787647268648
49.97968253969134,15.622095238095238,2.198797897072199
49.97968253969134,16.095492063492063,2.05406413888467
49.97968253969134,16.56888888888889,1.9006705832444286
49.97968253969134,17.042285714285715,1.8907514001589258
49.97968253969134,17.51568253968254,2.107804189563038
49.97968253969134,17.989079365079363,2.1290037999779603
49.97968253969134,18.46247619047619,2.247783267604122
49.97968253969134,18.935873015873014,2.0063838124363613
49.97968253969134,19.40926984126984,1.9292009395128915
49.97968253969134,19.882666666666665,1.9078396937627375
49.97968253969134,20.35606349206349,1.9299753327493345
49.97968253969134,20.829460317460317,2.0426455101673104
49.97968253969134,21.302857142857142,2.056136650377515
49.97968253969134,21.776253968253968,2.050190642692412
49.97968253969134,22.249650793650794,2.0410836551076925
49.97968253969134,22.72304761904762,2.0403010404984623
49.97968253969134,23.19644444444444,2.1380215008234162
49.97968253969134,23.669841269841267,2.3880709340301514
49.97968253969134,24.143238095238093,2.2943489161817516
49.97968253969134,24.61663492063492,2.173041464206627
49.97968253969134,25.090031746031745,2.061434813031821
49.97968253969134,25.56342857142857,2.2328539543817367
49.97968253969134,26.036825396825396,2.220248837849123
49.97968253969134,26.51022222222222,2.3681193164014602
49.97968253969134,26.983619047619047,2.3946261432537708
49.97968253969134,27.457015873015873,2.3763558769888533
49.97968253969134,27.930412698412695,2.1869286940883614
49.97968253969134,28.40380952380952,2.236446508127081
49.97968253969134,28.877206349206347,2.1066228781432286
49.97968253969134,29.350603174603172,2.2054145870046473
49.97968253969134,29.823999999999998,2.1640819536567872
52.196666666675206,1.1248943957393e-311,2.2492004860272536
52.196666666675206,0.47339682539682537,2.1688814004656125
52.196666666675206,0.9467936507936507,2.1625068129048333
52.196666666675206,1.4201904761904762,1.9918855671510909
52.196666666675206,1.8935873015873015,2.153750236944326
52.196666666675206,2.3669841269841267,2.198508908371774
52.196666666675206,2.8403809523809525,2.1938525548884877
52.196666666675206,3.3137777777777777,2.1152306858252814
52.196666666675206,3.787174603174603,2.2440269043189596
52.196666666675206,4.260571428571429,2.1487764363844297
52.196666666675206,4.7339682539682535,2.1370643693678963
52.196666666675206,5.207365079365079,2.0091318263686087
52.196666666675206,5.680761904761905,2.1775267078171754
52.196666666675206,6.15415873015873,2.134879219025508
52.196666666675206,6.627555555555555,2.2064052529800975
52.196666666675206,7.10095238095238,2.2131360096939083
52.196666666675206,7.574349206349206,2.25935158191511
52.196666666675206,8.047746031746032,2.2572801404400438
52.196666666675206,8.521142857142857,2.2709848570739815
52.196666666675206,8.994539682539681,2.1795947928550112
52.196666666675206,9.467936507936507,2.2256449011756967
52.196666666675206,9.941333333333333,2.3287041913689306
52.196666666675206,10.414730158730158,2.375675516482348
52.196666666675206,10.888126984126984,2.3109229030863236
52.196666666675206,11.36152380952381,2.2883763503952177
52.196666666675206,11.834920634920634,2.2833991518621537
52.196666666675206,12.30831746031746,2.1750135470150553
52.196666666675206,12.781714285714285,2.1904385976100555
52.196666666675206,13.25511111111111,2.0621968526627317
52.196666666675206,13.728507936507937,2.201084595181848
52.196666666675206,14.20190476190476,2.198268596324556
52.196666666675206,14.675301587301586,2.236415247647471
52.196666666675206,15.148698412698412,2.1783241729448024
52.196666666675206,15.622095238095238,2.1743769662604753
52.196666666675206,16.095492063492063,1.9352915199901048
52.196666666675206,16.56888888888889,1.9399612390872105
52.196666666675206,17.042285714285715,1.9347610087157936
52.196666666675206,17.51568253968254,1.997257869191336
52.196666666675206,17.989079365079363,2.0213873840508745
52.196666666675206,18.46247619047619,2.1149275038465696
52.196666666675206,18.935873015873014,1.940068635252413
52.196666666675206,19.40926984126984,2.049389680740346
52.196666666675206,19.882666666666665,2.048861836941662
52.196666666675206,20.35606349206349,2.1362636661175753
52.196666666675206,20.829460317460317,2.0351122953169485
52.196666666675206,21.302857142857142,2.0866468984687248
52.196666666675206,21.776253968253968,2.0155026523887134
52.196666666675206,22.249650793650794,2.0867660286265455
52.196666666675206,22.72304761904762,2.137956266290566
52.196666666675206,23.19644444444444,2.1834233855355456
52.196666666675206,23.669841269841267,2.1932958626914862
52.196666666675206,24.143238095238093,2.215725765610371
52.196666666675206,24.61663492063492,2.177243011250786
52.196666666675206,25.090031746031745,2.2066351287407775
52.196666666675206,25.56342857142857,2.172001750455042
52.196666666675206,26.036825396825396,2.1779047783589816
52.196666666675206,26.51022222222222,2.278152918611176
52.196666666675206,26.983619047619047,2.3167698406320283
52.196666666675206,27.457015873015873,2.2150096906020864
52.196666666675206,27.930412698412695,2.250228118498781
52.196666666675206,28.40380952380952,2.32039239673862
52.196666666675206,28.877206349206347,2.23216381006083
52.196666666675206,29.350603174603172,2.2155947400193283
52.196666666675206,29.823999999999998,2.2162216352155304
54.41365079365907,1.1248943957393e-311,2.1583173045160926
54.41365079365907,0.47339682539682537,2.2375862874195684
54.41365079365907,0.9467936507936507,2.0868768787469842
54.41365079365907,1.4201904761904762,2.17105267645735
54.41365079365907,1.8935873015873015,2.2070937973082856
54.41365079365907,2.3669841269841267,2.134444066880104
54.41365079365907,2.8403809523809525,2.1609373237909186
54.41365079365907,3.3137777777777777,2.07437921520028
54.41365079365907,3.787174603174603,2.1289095645021225
54.41365079365907,4.260571428571429,2.265473601089411
54.41365079365907,4.7339682539682535,2.165800980076125
54.41365079365907,5.207365079365079,2.041486592821361
54.41365079365907,5.680761904761905,2.1212536758720746
54.41365079365907,6.15415873015873,2.0977138515397695
54.41365079365907,6.627555555555555,2.1989759596853564
54.41365079365907,7.10095238095238,2.2660670166450285
54.41365079365907,7.574349206349206,2.3138980830682843
54.41365079365907,8.047746031746032,2.301590972672164
54.41365079365907,8.521142857142857,2.332688306004234
54.41365079365907,8.994539682539681,2.4255144013187038
54.41365079365907,9.467936507936507,2.2823972669955443
54.41365079365907,9.941333333333333,2.2611923309349558
54.41365079365907,10.414730158730158,2.252229995013724
54.41365079365907,10.888126984126984,2.2645752209991876
54.41365079365907,11.36152380952381,2.3497482768188025
54.41365079365907,11.834920634920634,2.32943456812949
54.41365079365907,12.30831746031746,2.3011516037896453
54.41365079365907,12.781714285714285,2.2357653742519603
54.41365079365907,13.25511111111111,2.13538928769257
54.41365079365907,13.728507936507937,2.0807587577648854
54.41365079365907,14.20190476190476,2.0770481816058233
54.41365079365907,14.675301587301586,2.0400368488735423
54.41365079365907,15.148698412698412,2.0511297357401794
54.41365079365907,15.622095238095238,2.0866010894777607
54.41365079365907,16.095492063492063,1.9378987906698708
54.41365079365907,16.56888888888889,1.9428574316172478
54.41365079365907,17.042285714285715,2.049692458470587
54.41365079365907,17.51568253968254,1.9716500760329763
54.41365079365907,17.989079365079363,1.9258376953412277
54.41365079365907,18.46247619047619,1.9980102241515594
54.41365079365907,18.935873015873014,2.1629724531953474
54.41365079365907,19.40926984126984,2.049284040220586
54.41365079365907,19.882666666666665,1.959006444864234
54.41365079365907,20.35606349206349,2.019858246095745
54.41365079365907,20.829460317460317,2.134575018520523
54.41365079365907,21.302857142857142,2.241840796871268
54.41365079365907,21.776253968253968,2.0766398857130417
54.41365079365907,22.249650793650794,2.1227598590357286
54.41365079365907,22.72304761904762,2.055175349920854
54.41365079365907,23.19644444444444,2.1025790459018983
54.41365079365907,23.669841269841267,2.1185070117021962
54.41365079365907,24.143238095238093,2.1479205024312575
54.41365079365907,24.61663492063492,2.1584317508913498
54.41365079365907,25.090031746031745,2.1684184444756522
54.41365079365907,25.56342857142857,1.935249327582822
54.41365079365907,26.036825396825396,2.0448451813424953
54.41365079365907,26.51022222222222,2.1489552908149854
54.41365079365907,26.983619047619047,2.256015975492693
54.41365079365907,27.457015873015873,2.271753789436816
54.41365079365907,27.930412698412695,2.1252968912571104
54.41365079365907,28.40380952380952,2.2017142964835967
54.41365079365907,28.877206349206347,2.3168940161330984
54.41365079365907,29.350603174603172,2.232618146076435
54.41365079365907,29.823999999999998,2.1569320088167823
56.63063492064294,1.1248943957393e-311,2.252369489206175
56.63063492064294,0.47339682539682537,2.2246473079163867
56.63063492064294,0.9467936507936507,2.1945161668364985
56.63063492064294,1.4201904761904762,2.2810025899121174
56.63063492064294,1.8935873015873015,2.198070260062786
56.63063492064294,2.3669841269841267,2.1901438199690606
56.63063492064294,2.8403809523809525,2.049808095745348
56.63063492064294,3.3137777777777777,2.050208645103512
56.63063492064294,3.787174603174603,2.0121114105066926
56.63063492064294,4.260571428571429,2.0023237821258624
56.63063492064294,4.7339682539682535,2.0850724671105634
56.63063492064294,5.207365079365079,2.2101058846009547
56.63063492064294,5.680761904761905,2.2065508707814323
56.63063492064294,6.15415873015873,2.237032761961367
56.63063492064294,6.627555555555555,2.2293984703353518
56.63063492064294,7.10095238095238,2.2464969347313057
56.63063492064294,7.574349206349206,2.2697081462384423
56.63063492064294,8.047746031746032,2.13051135384474
56.63063492064294,8.521142857142857,2.1470636990999963
56.63063492064294,8.994539682539681,2.2659116219323123
56.63063492064294,9.467936507936507,2.3437661210125285
56.63063492064294,9.941333333333333,2.260458667307761
56.63063492064294,10.414730158730158,2.287350686005013
56.63063492064294,10.888126984126984,2.3656801517680273
56.63063492064294,11.36152380952381,2.374227719340247
56.63063492064294,11.834920634920634,2.288733990003131
56.63063492064294,12.30831746031746,2.243455854770423
56.63063492064294,12.781714285714285,2.194902922614398
56.63063492064294,13.25511111111111,2.2356837129347
56.63063492064294,13.728507936507937,2.13190836856948
56.63063492064294,14.20190476190476,2.01041263701834
56.63063492064294,14.675301587301586,2.093284887164078
56.63063492064294,15.148698412698412,2.1716075739960985
56.63063492064294,15.622095238095238,2.1013530613405513
56.63063492064294,16.095492063492063,1.8606035150569245
56.63063492064294,16.56888888888889,1.933944130613255
56.63063492064294,17.042285714285715,1.9918973984993378
56.63063492064294,17.51568253968254,1.9545577195156643
56.63063492064294,17.989079365079363,2.0167107795378536
56.63063492064294,18.46247619047619,1.973001250705671
56.63063492064294,18.935873015873014,2.0551483912183586
56.63063492064294,19.40926984126984,1.9859579016302655
56.63063492064294,19.882666666666665,1.8836091148112841
56.63063492064294,20.35606349206349,1.8968806336096047
56.63063492064294,20.829460317460317,2.1004605785000514
56.63063492064294,21.302857142857142,2.15488429926343
56.63063492064294,21.776253968253968,2.1701276713765627
56.63063492064294,22.249650793650794,2.0705422577487687
56.63063492064294,22.72304761904762,2.140767372220535
56.63063492064294,23.19644444444444,2.0628907161503895
56.63063492064294,23.669841269841267,2.08903796288461
56.63063492064294,24.143238095238093,2.08789349300923
56.63063492064294,24.61663492063492,2.2122169051180953
56.63063492064294,25.090031746031745,2.0358237432881223
56.63063492064294,25.56342857142857,1.9826411858612905
56.63063492064294,26.036825396825396,2.0505076715113972
56.63063492064294,26.51022222222222,2.245921880402948
56.63063492064294,26.983619047619047,2.290587198954523
56.63063492064294,27.457015873015873,2.1914224059731358
56.63063492064294,27.930412698412695,2.208293533345147
56.63063492064294,28.40380952380952,2.1159825261846326
56.63063492064294,28.877206349206347,2.078664337690755
56.63063492064294,29.350603174603172,2.1555344649088553
56.63063492064294,29.823999999999998,2.2149268113964986
58.84761904762681,1.1248943957393e-311,2.2997669489219454
58.84761904762681,0.47339682539682537,2.0862333467149643
58.84761904762681,0.9467936507936507,2.212012646000488
58.84761904762681,1.4201904761904762,2.161230269559927
58.84761904762681,1.8935873015873015,2.2547691124999534
58.84761904762681,2.3669841269841267,2.145233706207431
58.84761904762681,2.8403809523809525,2.198611081443563
58.84761904762681,3.3137777777777777,2.04597988699198
58.84761904762681,3.787174603174603,1.93983571046124
58.84761904762681,4.260571428571429,1.8800132676492072
58.84761904762681,4.7339682539682535,2.0954280512065915
58.84761904762681,5.207365079365079,2.2272694882070314
58.84761904762681,5.680761904761905,2.248533962126566
58.84761904762681,6.15415873015873,2.22549369429547
58.84761904762681,6.627555555555555,2.239330252570059
58.84761904762681,7.10095238095238,2.234997188057148
58.84761904762681,7.574349206349206,2.138264280400276
58.84761904762681,8.047746031746032,2.26203297999105
58.84761904762681,8.521142857142857,2.187593757747078
58.84761904762681,8.994539682539681,2.2159143451114836
58.84761904762681,9.467936507936507,2.2511396024362917
58.84761904762681,9.941333333333333,2.366753809858792
58.84761904762681,10.414730158730158,2.40181543787016
58.84761904762681,10.888126984126984,2.399654733980807
58.84761904762681,11.36152380952381,2.2969315037383145
58.84761904762681,11.834920634920634,2.3241875394692095
58.84761904762681,12.30831746031746,2.1507291304339535
58.84761904762681,12.781714285714285,2.2731972040293185
58.84761904762681,13.25511111111111,2.3183660580306724
58.84761904762681,13.728507936507937,2.2168192299641136
58.84761904762681,14.20190476190476,2.152289188309397
58.84761904762681,14.675301587301586,2.1893997766109403
58.84761904762681,15.148698412698412,2.129390380813601
58.84761904762681,15.622095238095238,2.1720983723614697
58.84761904762681,16.095492063492063,1.9637879655648807
58.84761904762681,16.56888888888889,1.9444259715616763
58.84761904762681,17.042285714285715,1.9514715800521674
58.84761904762681,17.51568253968254,1.9254059846772853
58.84761904762681,17.989079365079363,2.11157153901009
58.84761904762681,18.46247619047619,2.1492063875059566
58.84761904762681,18.935873015873014,1.9649764515565928
58.84761904762681,19.40926984126984,1.9538693641307996
58.84761904762681,19.882666666666665,1.9917073448695295
58.84761904762681,20.35606349206349,2.002927870622689
58.84761904762681,20.829460317460317,2.001921484222319
58.84761904762681,21.302857142857142,2.121273545743742
58.84761904762681,21.776253968253968,2.1523397016016963
58.84761904762681,22.249650793650794,2.142335666967007
58.84761904762681,22.72304761904762,2.142883289627265
58.84761904762681,23.19644444444444,1.9654214481544732
58.84761904762681,23.669841269841267,1.9708119136169509
58.84761904762681,24.143238095238093,2.14461917157242
58.84761904762681,24.61663492063492,2.1399949799710725
58.84761904762681,25.090031746031745,2.037816484951312
58.84761904762681,25.56342857142857,1.943273767310023
58.84761904762681,26.036825396825396,1.9563396499254793
58.84761904762681,26.51022222222222,2.10795647664841
58.84761904762681,26.983619047619047,2.158935711703729
58.84761904762681,27.457015873015873,2.2798191899243525
58.84761904762681,27.930412698412695,2.3706152653472934
58.84761904762681,28.40380952380952,2.190779331731497
58.84761904762681,28.877206349206347,2.1070175923286802
58.84761904762681,29.350603174603172,2.109748861809986
58.84761904762681,29.823999999999998,2.363227731339178
61.06460317461068,1.1248943957393e-311,2.193358000557875
61.06460317461068,0.47339682539682537,2.1748875712037337
61.06460317461068,0.9467936507936507,2.2607788608625925
61.06460317461068,1.4201904761904762,2.1447943439180954
61.06460317461068,1.8935873015873015,2.241024260122657
61.06460317461068,2.3669841269841267,2.2300576895934427
61.06460317461068,2.8403809523809525,2.234471448156143
61.06460317461068,3.3137777777777777,2.037722467575125
61.06460317461068,3.787174603174603,1.990614240659276
61.06460317461068,4.260571428571429,2.081760187225218
61.06460317461068,4.7339682539682535,2.175288573384957
61.06460317461068,5.207365079365079,2.1700152023770607
61.06460317461068,5.680761904761905,2.244976105006231
61.06460317461068,6.15415873015873,2.2149993865268707
61.06460317461068,6.627555555555555,2.2667814975129326
61.06460317461068,7.10095238095238,2.1875466235519085
61.06460317461068,7.574349206349206,2.183903318944795
61.06460317461068,8.047746031746032,2.217454690532774
61.06460317461068,8.521142857142857,2.297474008636405
61.06460317461068,8.994539682539681,2.3137800915839817
61.06460317461068,9.467936507936507,2.285193049710049
61.06460317461068,9.941333333333333,2.4443065652348785
61.06460317461068,10.414730158730158,2.310721195181961
61.06460317461068,10.888126984126984,2.341943524984448
61.06460317461068,11.36152380952381,2.255466341055507
61.06460317461068,11.834920634920634,2.2763715872019286
61.06460317461068,12.30831746031746,2.252574907423802
61.06460317461068,12.781714285714285,2.2405448426668055
61.06460317461068,13.25511111111111,2.1928689568133874
61.06460317461068,13.728507936507937,2.2342995590291355
61.06460317461068,14.20190476190476,2.156546432561148
61.06460317461068,14.675301587301586,2.147472113045938
61.06460317461068,15.148698412698412,2.131878378822741
61.06460317461068,15.622095238095238,2.2161652880222635
61.06460317461068,16.095492063492063,2.1153586358786787
61.06460317461068,16.56888888888889,2.14089358266636
61.06460317461068,17.042285714285715,2.0679898291755325
61.06460317461068,17.51568253968254,2.159388878071695
61.06460317461068,17.989079365079363,2.123305428889281
61.06460317461068,18.46247619047619,2.089208946739715
61.06460317461068,18.935873015873014,1.9262368097990947
61.06460317461068,19.40926984126984,1.899253350445071
61.06460317461068,19.882666666666665,1.9378299226568858
61.06460317461068,20.35606349206349,2.057998938166255
61.06460317461068,20.829460317460317,2.06238090610322
61.06460317461068,21.302857142857142,2.1250512304135376
61.06460317461068,21.776253968253968,2.1453612230102572
61.06460317461068,22.249650793650794,2.1075481746200757
61.06460317461068,22.72304761904762,2.0847343384466717
61.06460317461068,23.19644444444444,2.044160691185259
61.06460317461068,23.669841269841267,2.0467676857200763
61.06460317461068,24.143238095238093,2.1236517851421817
61.06460317461068,24.61663492063492,2.054714429692317
61.06460317461068,25.090031746031745,2.0142724691672362
61.06460317461068,25.56342857142857,2.000253897094608
61.06460317461068,26.036825396825396,1.9979692927356636
61.06460317461068,26.51022222222222,2.0683855886253353
61.06460317461068,26.983619047619047,2.141299706944148
61.06460317461068,27.457015873015873,2.3285748680278284
61.06460317461068,27.930412698412695,2.276256399680017
61.06460317461068,28.40380952380952,2.2581629962722665
61.06460317461068,28.877206349206347,2.1208790454115594
61.06460317461068,29.350603174603172,2.1861655985054353
61.06460317461068,29.823999999999998,2.2492010357187793
63.28158730159455,1.1248943957393e-311,2.201331832739757
63.28158730159455,0.47339682539682537,2.0804047635403156
63.28158730159455,0.9467936507936507,2.067948367880391
63.28158730159455,1.4201904761904762,2.2261173995725345
63.28158730159455,1.8935873015873015,2.173294581564081
63.28158730159455,2.3669841269841267,2.0605728874042635
63.28158730159455,2.8403809523809525,2.11245059987816
63.28158730159455,3.3137777777777777,2.0560632445381017
63.28158730159455,3.787174603174603,2.1497843820905085
63.28158730159455,4.260571428571429,2.1107882006369723
63.28158730159455,4.7339682539682535,2.234354793048711
63.28158730159455,5.207365079365079,2.2205524674352617
63.28158730159455,5.680761904761905,2.30401946333504
63.28158730159455,6.15415873015873,2.2991698674581706
63.28158730159455,6.627555555555555,2.309777710625112
63.28158730159455,7.10095238095238,2.1538895231136874
63.28158730159455,7.574349206349206,2.249698667623816
63.28158730159455,8.047746031746032,2.1997575074454336
63.28158730159455,8.521142857142857,2.318155002238931
63.28158730159455,8.994539682539681,2.2385370600397247
63.28158730159455,9.467936507936507,2.3756739849174453
63.28158730159455,9.941333333333333,2.351198235853597
63.28158730159455,10.414730158730158,2.2604337043506124
63.28158730159455,10.888126984126984,2.349858110949493
63.28158730159455,11.36152380952381,2.3448039261752887
63.28158730159455,11.834920634920634,2.300710858087274
63.28158730159455,12.30831746031746,2.055146110723163
63.28158730159455,12.781714285714285,2.106422892496693
63.28158730159455,13.25511111111111,2.19622578133247
63.28158730159455,13.728507936507937,2.232023905772666
63.28158730159455,14.20190476190476,2.293944899752634
63.28158730159455,14.675301587301586,2.3511158351327213
63.28158730159455,15.148698412698412,2.1803008278372036
63.28158730159455,15.622095238095238,2.1565564786451574
63.28158730159455,16.095492063492063,2.1357490818400042
63.28158730159455,16.56888888888889,2.119852100311503
63.28158730159455,17.042285714285715,2.160724433563157
63.28158730159455,17.51568253968254,2.257801089615864
63.28158730159455,17.989079365079363,2.2048125160573524
63.28158730159455,18.46247619047619,2.147277855729198
63.28158730159455,18.935873015873014,2.1707849668183656
63.28158730159455,19.40926984126984,2.033443593151949
63.28158730159455,19.882666666666665,1.9769153013253753
63.28158730159455,20.35606349206349,1.938015078696514
63.28158730159455,20.829460317460317,2.0476890227961966
63.28158730159455,21.302857142857142,2.1139189176823634
63.28158730159455,21.776253968253968,2.270051687164746
63.28158730159455,22.249650793650794,2.123907503998054
63.28158730159455,22.72304761904762,2.1292436063776
63.28158730159455,23.19644444444444,2.0587815761300527
63.28158730159455,23.669841269841267,2.0492296546739426
63.28158730159455,24.143238095238093,2.055646878773338
63.28158730159455,24.61663492063492,2.091349726492253
63.28158730159455,25.090031746031745,1.9176550376229176
63.28158730159455,25.56342857142857,2.0800257714689865
63.28158730159455,26.036825396825396,2.210900354089782
63.28158730159455,26.51022222222222,2.1045804452761123
63.28158730159455,26.983619047619047,2.0822279896085996
63.28158730159455,27.457015873015873,2.206971541612373
63.28158730159455,27.930412698412695,2.202856023062278
63.28158730159455,28.40380952380952,2.234026231741596
63.28158730159455,28.877206349206347,2.1463710082117164
63.28158730159455,29.350603174603172,2.1946337001417637
63.28158730159455,29.823999999999998,2.183896349231847
65.49857142857842,1.1248943957393e-311,2.149823105566582
65.49857142857842,0.47339682539682537,2.138560372649423
65.49857142857842,0.9467936507936507,2.2058173316414926
65.49857142857842,1.4201904761904762,2.312882684015575
65.49857142857842,1.8935873015873015,2.331233986474351
65.49857142857842,2.3669841269841267,2.1549999964420614
65.49857142857842,2.8403809523809525,2.035036921501674
65.49857142857842,3.3137777777777777,2.145966089900242
65.49857142857842,3.787174603174603,2.1408248753909764
65.49857142857842,4.260571428571429,2.0872215239095717
65.49857142857842,4.7339682539682535,2.152750623155716
65.49857142857842,5.207365079365079,2.0342707477403414
65.49857142857842,5.680761904761905,2.2444531104312015
65.49857142857842,6.15415873015873,2.36529728566819
65.49857142857842,6.627555555555555,2.336033868519538
65.49857142857842,7.10095238095238,2.1909443002119913
65.49857142857842,7.574349206349206,2.3047991654044173
65.49857142857842,8.047746031746032,2.326629421174873
65.49857142857842,8.521142857142857,2.3102282323580505
65.49857142857842,8.994539682539681,2.2608936618296327
65.49857142857842,9.467936507936507,2.270602981013947
65.49857142857842,9.941333333333333,2.163238715397962
65.49857142857842,10.414730158730158,2.4231312555275166
65.49857142857842,10.888126984126984,2.439086717879667
65.49857142857842,11.36152380952381,2.343286283040484
65.49857142857842,11.834920634920634,2.25933596313001
65.49857142857842,12.30831746031746,2.261307570939852
65.49857142857842,12.781714285714285,2.280524339389757
65.49857142857842,13.25511111111111,2.2688427722900686
65.49857142857842,13.728507936507937,2.292344097014382
65.49857142857842,14.20190476190476,2.307886344430044
65.49857142857842,14.675301587301586,2.2144803711604366
65.49857142857842,15.148698412698412,2.1101679766452106
65.49857142857842,15.622095238095238,2.1246234424230352
65.49857142857842,16.095492063492063,2.1845667440381957
65.49857142857842,16.56888888888889,2.212569860238861
65.49857142857842,17.042285714285715,1.984046175855848
65.49857142857842,17.51568253968254,2.191557179217958
65.49857142857842,17.989079365079363,2.160683227288766
65.49857142857842,18.46247619047619,2.1438229646875535
65.49857142857842,18.935873015873014,2.1902280275232084
65.49857142857842,19.40926984126984,2.031659701096275
65.49857142857842,19.882666666666665,1.981807394586815
65.49857142857842,20.35606349206349,1.9828654575856868
65.49857142857842,20.829460317460317,2.0042040370839738
65.49857142857842,21.302857142857142,2.1419158492502417
65.49857142857842,21.776253968253968,2.3010669537592108
65.49857142857842,22.249650793650794,2.2244214523983996
65.49857142857842,22.72304761904762,1.9813732002192872
65.49857142857842,23.19644444444444,1.891106617500473
65.49857142857842,23.669841269841267,2.0246323722302066
65.49857142857842,24.143238095238093,2.084827774755583
65.49857142857842,24.61663492063492,2.09452983932771
65.49857142857842,25.090031746031745,1.9952253321985332
65.49857142857842,25.56342857142857,2.0680598610331007
65.49857142857842,26.036825396825396,2.1661902638956274
65.49857142857842,26.51022222222222,2.21886619014755
65.49857142857842,26.983619047619047,2.0836688680607662
65.49857142857842,27.457015873015873,2.1307952634540763
65.49857142857842,27.930412698412695,2.2358700853599607
65.49857142857842,28.40380952380952,2.129840460455121
65.49857142857842,28.877206349206347,2.147714018548255
65.49857142857842,29.350603174603172,2.2056381842259105
65.49857142857842,29.823999999999998,2.225508064921935
67.71555555556228,1.1248943957393e-311,2.4028147888211393
67.71555555556228,0.47339682539682537,2.3310674152789996
67.71555555556228,0.9467936507936507,2.289676129638403
67.71555555556228,1.4201904761904762,2.225789937243296
67.71555555556228,1.8935873015873015,2.2249538634498904
67.71555555556228,2.3669841269841267,2.144740988917489
67.71555555556228,2.8403809523809525,2.1517157717617823
67.71555555556228,3.3137777777777777,2.012666789727027
67.71555555556228,3.787174603174603,2.0096196382090747
67.71555555556228,4.260571428571429,2.050650544121425
67.71555555556228,4.7339682539682535,2.077310492771478
67.71555555556228,5.207365079365079,2.057439510681171
67.71555555556228,5.680761904761905,2.093979791032838
67.71555555556228,6.15415873015873,2.325498850316905
67.71555555556228,6.627555555555555,2.413653455990956
67.71555555556228,7.10095238095238,2.1894323377366804
67.71555555556228,7.574349206349206,2.255279567936713
67.71555555556228,8.047746031746032,2.4646736912750025
67.71555555556228,8.521142857142857,2.4293808448257415
67.71555555556228,8.994539682539681,2.2221941614424834
67.71555555556228,9.467936507936507,2.1652310217789807
67.71555555556228,9.941333333333333,2.18169697169054
67.71555555556228,10.414730158730158,2.4286491197640268
67.71555555556228,10.888126984126984,2.3792835669725516
67.71555555556228,11.36152380952381,2.2777173738636396
67.71555555556228,11.834920634920634,2.2594688707033415
67.71555555556228,12.30831746031746,2.3419818284109035
67.71555555556228,12.781714285714285,2.398337862993934
67.71555555556228,13.25511111111111,2.1884661480735663
67.71555555556228,13.728507936507937,2.3211227617678385
67.71555555556228,14.20190476190476,2.309866087231091
67.71555555556228,14.675301587301586,2.209606749963884
67.71555555556228,15.148698412698412,2.1994574605946524
67.71555555556228,15.622095238095238,2.2645998532179306
67.71555555556228,16.095492063492063,2.2246774056511742
67.71555555556228,16.56888888888889,2.1531887884457266
67.71555555556228,17.042285714285715,1.9423164273872302
67.71555555556228,17.51568253968254,2.1344376243865155
67.71555555556228,17.989079365079363,2.067412743249917
67.71555555556228,18.46247619047619,2.0472728742172923
67.71555555556228,18.935873015873014,1.8754620443975036
67.71555555556228,19.40926984126984,2.0717974232541208
67.71555555556228,19.882666666666665,2.008894944866864
67.71555555556228,20.35606349206349,2.05670825096141
67.71555555556228,20.829460317460317,2.0342187585345997
67.71555555556228,21.302857142857142,2.1296528036059286
67.71555555556228,21.776253968253968,2.129245566729292
67.71555555556228,22.249650793650794,2.14882343331583
67.71555555556228,22.72304761904762,1.9713990544688016
67.71555555556228,23.19644444444444,1.900492093465799
67.71555555556228,23.669841269841267,2.026781837076572
67.71555555556228,24.143238095238093,2.023748437203833
67.71555555556228,24.61663492063492,2.1866146255197463
67.71555555556228,25.090031746031745,2.2123368471820184
67.71555555556228,25.56342857142857,2.2160807007679004
67.71555555556228,26.036825396825396,2.162258004686071
67.71555555556228,26.51022222222222,2.051010185774839
67.71555555556228,26.983619047619047,2.114477224524457
67.71555555556228,27.457015873015873,2.2068635481980707
67.71555555556228,27.930412698412695,2.0862323617826832
67.71555555556228,28.40380952380952,2.105502683840156
67.71555555556228,28.877206349206347,2.1705246301310326
67.71555555556228,29.350603174603172,2.24415204076996
67.71555555556228,29.823999999999998,2.219367426609852
69.93253968254615,1.1248943957393e-311,2.313698505810629
69.93253968254615,0.47339682539682537,2.3037204299068534
69.93253968254615,0.9467936507936507,2.28067508830163
69.93253968254615,1.4201904761904762,2.2532611007043246
69.93253968254615,1.8935873015873015,2.2434469085829596
69.93253968254615,2.3669841269841267,2.17102042951706
69.93253968254615,2.8403809523809525,2.1082540271464922
69.93253968254615,3.3137777777777777,1.95475162116426
69.93253968254615,3.787174603174603,2.0018366341531806
69.93253968254615,4.260571428571429,2.04431898302931
69.93253968254615,4.7339682539682535,2.1490426479773563
69.93253968254615,5.207365079365079,2.0953005776169924
69.93253968254615,5.680761904761905,2.0894694654221864
69.93253968254615,6.15415873015873,2.217419935388432
69.93253968254615,6.627555555555555,2.342690757090277
69.93253968254615,7.10095238095238,2.3263523656155694
69.93253968254615,7.574349206349206,2.3361610068543004
69.93253968254615,8.047746031746032,2.4713571460074526
69.93253968254615,8.521142857142857,2.3174572657469104
69.93253968254615,8.994539682539681,2.153811170169037
69.93253968254615,9.467936507936507,2.253499951233856
69.93253968254615,9.941333333333333,2.2878698639054593
69.93253968254615,10.414730158730158,2.3628276370047936
69.93253968254615,10.888126984126984,2.3980969187277217
69.93253968254615,11.36152380952381,2.3207260045373923
69.93253968254615,11.834920634920634,2.432105774412728
69.93253968254615,12.30831746031746,2.4113188198690803
69.93253968254615,12.781714285714285,2.353181113461141
69.93253968254615,13.25511111111111,2.3893523326863386
69.93253968254615,13.728507936507937,2.453095524704161
69.93253968254615,14.20190476190476,2.3097370178550185
69.93253968254615,14.675301587301586,2.27605804440446
69.93253968254615,15.148698412698412,2.20468242108932
69.93253968254615,15.622095238095238,2.2145816593714547
69.93253968254615,16.095492063492063,2.1263563231082374
69.93253968254615,16.56888888888889,2.039377650938067
69.93253968254615,17.042285714285715,1.9447256287458172
69.93253968254615,17.51568253968254,1.9985215937989862
69.93253968254615,17.989079365079363,1.9503329721340839
69.93253968254615,18.46247619047619,1.9719550303343754
69.93253968254615,18.935873015873014,2.0712914042573614
69.93253968254615,19.40926984126984,2.1263807052386268
69.93253968254615,19.882666666666665,1.9929402606564817
69.93253968254615,20.35606349206349,1.9820487365083928
69.93253968254615,20.829460317460317,1.9197565212610126
69.93253968254615,21.302857142857142,2.1139673305216626
69.93253968254615,21.776253968253968,2.073697472653855
69.93253968254615,22.249650793650794,2.053241014974167
69.93253968254615,22.72304761904762,2.077118159582209
69.93253968254615,23.19644444444444,2.0694860714395316
69.93253968254615,23.669841269841267,1.986619297021182
69.93253968254615,24.143238095238093,1.9616194398855664
69.93253968254615,24.61663492063492,2.203261475623299
69.93253968254615,25.090031746031745,2.268574100667358
69.93253968254615,25.56342857142857,2.163901348101487
69.93253968254615,26.036825396825396,1.978159856693215
69.93253968254615,26.51022222222222,2.1202966456714236
69.93253968254615,26.983619047619047,2.135640089871695
69.93253968254615,27.457015873015873,2.1185161069096976
69.93253968254615,27.930412698412695,2.005008629783036
69.93253968254615,28.40380952380952,2.124877846403467
69.93253968254615,28.877206349206347,2.0675087676935315
69.93253968254615,29.350603174603172,2.2081424506946616
69.93253968254615,29.823999999999998,2.2134982808169097
72.14952380953002,1.1248943957393e-311,2.2272547389086204
72.14952380953002,0.47339682539682537,2.3253623582778102
72.14952380953002,0.9467936507936507,2.412600023820916
72.14952380953002,1.4201904761904762,2.3722247879086433
72.14952380953002,1.8935873015873015,2.1678654867409053
72.14952380953002,2.3669841269841267,2.141545986404856
72.14952380953002,2.8403809523809525,2.025258195715775
72.14952380953002,3.3137777777777777,2.049190531238776
72.14952380953002,3.787174603174603,2.064255252400569
72.14952380953002,4.260571428571429,2.0018652470711107
72.14952380953002,4.7339682539682535,2.0041679479424097
72.14952380953002,5.207365079365079,2.1695410683631424
72.14952380953002,5.680761904761905,2.2742346123794976
72.14952380953002,6.15415873015873,2.2871911220741707
72.14952380953002,6.627555555555555,2.378144123340435
72.14952380953002,7.10095238095238,2.390015120612713
72.14952380953002,7.574349206349206,2.41311473729196
72.14952380953002,8.047746031746032,2.3553093983210984
72.14952380953002,8.521142857142857,2.253521755432662
72.14952380953002,8.994539682539681,2.1532568471447338
72.14952380953002,9.467936507936507,2.2329892287941786
72.14952380953002,9.941333333333333,2.2115197653651317
72.14952380953002,10.414730158730158,2.361580385394754
72.14952380953002,10.888126984126984,2.324111805179584
72.14952380953002,11.36152380952381,2.364815036080415
72.14952380953002,11.834920634920634,2.4295296008845773
72.14952380953002,12.30831746031746,2.4044364848088344
72.14952380953002,12.781714285714285,2.3954774865808157
72.14952380953002,13.25511111111111,2.389344826902803
72.14952380953002,13.728507936507937,2.3419182158674157
72.14952380953002,14.20190476190476,2.365031261224117
72.14952380953002,14.675301587301586,2.237513929904236
72.14952380953002,15.148698412698412,2.2511109972635914
72.14952380953002,15.622095238095238,2.2303490852017176
72.14952380953002,16.095492063492063,2.119624114596606
72.14952380953002,16.56888888888889,2.089154474874469
72.14952380953002,17.042285714285715,2.031330359520266
72.14952380953002,17.51568253968254,1.986706707712458
72.14952380953002,17.989079365079363,1.84343800453621
72.14952380953002,18.46247619047619,1.9615300193385625
72.14952380953002,18.935873015873014,2.0816547249415462
72.14952380953002,19.40926984126984,1.9968516810945602
72.14952380953002,19.882666666666665,1.8342401274167957
72.14952380953002,20.35606349206349,1.99400217570584
72.14952380953002,20.829460317460317,2.1149728751562913
72.14952380953002,21.302857142857142,2.153400921608675
72.14952380953002,21.776253968253968,1.9749728814787189
72.14952380953002,22.249650793650794,1.9875029098448644
72.14952380953002,22.72304761904762,2.047990839463585
72.14952380953002,23.19644444444444,2.045963863975958
72.14952380953002,23.669841269841267,2.0152625006286633
72.14952380953002,24.143238095238093,2.1147672545571816
72.14952380953002,24.61663492063492,2.180676732157184
72.14952380953002,25.090031746031745,2.2270707951641335
72.14952380953002,25.56342857142857,2.189773540931045
72.14952380953002,26.036825396825396,2.174405867829044
72.14952380953002,26.51022222222222,2.234049386463847
72.14952380953002,26.983619047619047,2.174262757186333
72.14952380953002,27.457015873015873,2.078311517947954
72.14952380953002,27.930412698412695,2.0136847572785976
72.14952380953002,28.40380952380952,2.2271884090593908
72.14952380953002,28.877206349206347,2.1662071712998747
72.14952380953002,29.350603174603172,2.122454316178407
72.14952380953002,29.823999999999998,2.060622139464062
74.36650793651388,1.1248943957393e-311,2.268180982163618
74.36650793651388,0.47339682539682537,2.2876235383625256
74.36650793651388,0.9467936507936507,2.3415808390779573
74.36650793651388,1.4201904761904762,2.3052568499707173
74.36650793651388,1.8935873015873015,2.0289892953328073
74.36650793651388,2.3669841269841267,1.9511205709236346
74.36650793651388,2.8403809523809525,2.0539596958445
74.36650793651388,3.3137777777777777,2.1551322616737703
74.36650793651388,3.787174603174603,2.1037413245781953
74.36650793651388,4.260571428571429,2.008903412539525
74.36650793651388,4.7339682539682535,1.9967318351444565
74.36650793651388,5.207365079365079,2.1095577203068587
74.36650793651388,5.680761904761905,2.281599242069812
74.36650793651388,6.15415873015873,2.356916986647257
74.36650793651388,6.627555555555555,2.4207842512505042
74.36650793651388,7.10095238095238,2.336686119122775
74.36650793651388,7.574349206349206,2.4096718878916823
74.36650793651388,8.047746031746032,2.4402794739692997
74.36650793651388,8.521142857142857,2.3574608358953575
74.36650793651388,8.994539682539681,2.202644709277697
74.36650793651388,9.467936507936507,2.2023772099599865
74.36650793651388,9.941333333333333,2.143455808224836
74.36650793651388,10.414730158730158,2.2926365413364014
74.36650793651388,10.888126984126984,2.352068674929121
74.36650793651388,11.36152380952381,2.39631588162492
74.36650793651388,11.834920634920634,2.27772576573833
74.36650793651388,12.30831746031746,2.4079394055300556
74.36650793651388,12.781714285714285,2.3376123674240725
74.36650793651388,13.25511111111111,2.355741313613823
74.36650793651388,13.728507936507937,2.344279991296205
74.36650793651388,14.20190476190476,2.334180831835398
74.36650793651388,14.675301587301586,2.378230871726961
74.36650793651388,15.148698412698412,2.2696388224868524
74.36650793651388,15.622095238095238,2.170606240489245
74.36650793651388,16.095492063492063,2.222937101943483
74.36650793651388,16.56888888888889,2.103408682239201
74.36650793651388,17.042285714285715,2.037584086335548
74.36650793651388,17.51568253968254,2.0249747160383764
74.36650793651388,17.989079365079363,1.913957097001043
74.36650793651388,18.46247619047619,1.9262326893030435
74.36650793651388,18.935873015873014,2.0493453014165137
74.36650793651388,19.40926984126984,2.0109575549809775
74.36650793651388,19.882666666666665,1.9091427961855356
74.36650793651388,20.35606349206349,2.0260083075937407
74.36650793651388,20.829460317460317,2.1857693964613656
74.36650793651388,21.302857142857142,2.1555520143002007
74.36650793651388,21.776253968253968,2.145963742882482
74.36650793651388,22.249650793650794,2.187208718177739
74.36650793651388,22.72304761904762,2.1359584264522966
74.36650793651388,23.19644444444444,2.175896539663422
74.36650793651388,23.669841269841267,2.0893061223073333
74.36650793651388,24.143238095238093,2.080089023442126
74.36650793651388,24.61663492063492,2.112119137163481
74.36650793651388,25.090031746031745,2.160640120993438
74.36650793651388,25.56342857142857,2.1278654384680507
74.36650793651388,26.036825396825396,2.1581450506870596
74.36650793651388,26.51022222222222,2.120798643372851
74.36650793651388,26.983619047619047,2.084415224335846
74.36650793651388,27.457015873015873,2.0518761668179915
74.36650793651388,27.930412698412695,2.2686217340829438
74.36650793651388,28.40380952380952,2.192874778810612
74.36650793651388,28.877206349206347,2.218423372458258
74.36650793651388,29.350603174603172,1.9684815346826012
74.36650793651388,29.823999999999998,2.0404440353340667
76.58349206349776,1.1248943957393e-311,2.27785163283395
76.58349206349776,0.47339682539682537,2.0948556336901
76.58349206349776,0.9467936507936507,2.2686106454809836
76.58349206349776,1.4201904761904762,2.1775506365051926
76.58349206349776,1.8935873015873015,2.1347559781591237
76.58349206349776,2.3669841269841267,2.11461139389302
76.58349206349776,2.8403809523809525,2.089887039174414
76.58349206349776,3.3137777777777777,2.1091129365405683
76.58349206349776,3.787174603174603,2.1503716383889047
76.58349206349776,4.260571428571429,1.9369918407077982
76.58349206349776,4.7339682539682535,1.9705460940471666
76.58349206349776,5.207365079365079,2.1698946067599434
76.58349206349776,5.680761904761905,2.277698019908645
76.58349206349776,6.15415873015873,2.3790112951495237
76.58349206349776,6.627555555555555,2.4551101922830845
76.58349206349776,7.10095238095238,2.380349363606585
76.58349206349776,7.574349206349206,2.317594486627468
76.58349206349776,8.047746031746032,2.45333204122485
76.58349206349776,8.521142857142857,2.2959703251753405
76.58349206349776,8.994539682539681,2.226504652513594
76.58349206349776,9.467936507936507,2.1611175646483014
76.58349206349776,9.941333333333333,2.2080959832439153
76.58349206349776,10.414730158730158,2.2130874340597058
76.58349206349776,10.888126984126984,2.3278651419238887
76.58349206349776,11.36152380952381,2.38757067171475
76.58349206349776,11.834920634920634,2.3514783878105012
76.58349206349776,12.30831746031746,2.4681765296398694
76.58349206349776,12.781714285714285,2.313006546020926
76.58349206349776,13.25511111111111,2.2950738948298617
76.58349206349776,13.728507936507937,2.226592285797053
76.58349206349776,14.20190476190476,2.2177762904154186
76.58349206349776,14.675301587301586,2.220890246201701
76.58349206349776,15.148698412698412,2.2318966216480787
76.58349206349776,15.622095238095238,2.182053688834301
76.58349206349776,16.095492063492063,2.1722558431317474
76.58349206349776,16.56888888888889,2.1283966314722513
76.58349206349776,17.042285714285715,2.08775108622956
76.58349206349776,17.51568253968254,2.0226521646691062
76.58349206349776,17.989079365079363,2.0739780049541583
76.58349206349776,18.46247619047619,1.9272270877550248
76.58349206349776,18.935873015873014,1.9691383572063759
76.58349206349776,19.40926984126984,2.0417637915415425
76.58349206349776,19.882666666666665,2.0419826876869474
76.58349206349776,20.35606349206349,2.1218044475830315
76.58349206349776,20.829460317460317,2.123139389440978
76.58349206349776,21.302857142857142,2.155413792202097
76.58349206349776,21.776253968253968,2.292492798029409
76.58349206349776,22.249650793650794,2.3031992913574966
76.58349206349776,22.72304761904762,2.212445240948892
76.58349206349776,23.19644444444444,2.1660355922864625
76.58349206349776,23.669841269841267,2.0339710149962764
76.58349206349776,24.143238095238093,2.0970869010789985
76.58349206349776,24.61663492063492,2.104024703600847
76.58349206349776,25.090031746031745,2.0273621329371947
76.58349206349776,25.56342857142857,2.0806442286903444
76.58349206349776,26.036825396825396,2.0471040760083
76.58349206349776,26.51022222222222,2.1189699885201447
76.58349206349776,26.983619047619047,2.1219112937300597
76.58349206349776,27.457015873015873,2.187567909774352
76.58349206349776,27.930412698412695,2.2172773242857127
76.58349206349776,28.40380952380952,2.1680892183014615
76.58349206349776,28.877206349206347,1.9258937326311563
76.58349206349776,29.350603174603172,1.8961545640844337
76.58349206349776,29.823999999999998,2.0670016856688282
78.80047619048163,1.1248943957393e-311,2.383281276126915
78.80047619048163,0.47339682539682537,2.238081533851379
78.80047619048163,0.9467936507936507,2.1335400139706313
78.80047619048163,1.4201904761904762,2.0317718463873873
78.80047619048163,1.8935873015873015,2.085385172911935
78.80047619048163,2.3669841269841267,1.9904623691884578
78.80047619048163,2.8403809523809525,1.974068986804411
78.80047619048163,3.3137777777777777,1.8811652951588196
78.80047619048163,3.787174603174603,1.9137390247521207
78.80047619048163,4.260571428571429,1.960633028752333
78.80047619048163,4.7339682539682535,2.0519126305232525
78.80047619048163,5.207365079365079,2.1606008585479466
78.80047619048163,5.680761904761905,2.21820555293834
78.80047619048163,6.15415873015873,2.242199006301485
78.80047619048163,6.627555555555555,2.3854060969301383
78.80047619048163,7.10095238095238,2.3907498073078717
78.80047619048163,7.574349206349206,2.4052519950133204
78.80047619048163,8.047746031746032,2.415961960290217
78.80047619048163,8.521142857142857,2.2885418350089157
78.80047619048163,8.994539682539681,2.248962118526754
78.80047619048163,9.467936507936507,2.174526335489389
78.80047619048163,9.941333333333333,2.193643566677872
78.80047619048163,10.414730158730158,2.1764354962675303
78.80047619048163,10.888126984126984,2.247690610913515
78.80047619048163,11.36152380952381,2.267283242167363
78.80047619048163,11.834920634920634,2.424164990239873
78.80047619048163,12.30831746031746,2.334450620917766
78.80047619048163,12.781714285714285,2.3258482772201474
78.80047619048163,13.25511111111111,2.1129068641923086
78.80047619048163,13.728507936507937,2.1949808361773515
78.80047619048163,14.20190476190476,2.23520935298915
78.80047619048163,14.675301587301586,2.247207270777855
78.80047619048163,15.148698412698412,2.104275046260688
78.80047619048163,15.622095238095238,2.1188536829020683
78.80047619048163,16.095492063492063,2.0918690070793806
78.80047619048163,16.56888888888889,2.149601334812657
78.80047619048163,17.042285714285715,2.055798420981782
78.80047619048163,17.51568253968254,2.1141401496346677
78.80047619048163,17.989079365079363,1.979647759811609
78.80047619048163,18.46247619047619,2.027143678792229
78.80047619048163,18.935873015873014,2.022392024897535
78.80047619048163,19.40926984126984,2.080797641458015
78.80047619048163,19.882666666666665,2.2268362841207034
78.80047619048163,20.35606349206349,2.2729103110635385
78.80047619048163,20.829460317460317,2.1997722321793645
78.80047619048163,21.302857142857142,2.2510916326940036
78.80047619048163,21.776253968253968,2.3086564668090395
78.80047619048163,22.249650793650794,2.3174407764042613
78.80047619048163,22.72304761904762,2.150092721550775
78.80047619048163,23.19644444444444,1.9682860816279704
78.80047619048163,23.669841269841267,2.046895709645529
78.80047619048163,24.143238095238093,2.1089147066924245
78.80047619048163,24.61663492063492,2.2365719120742407
78.80047619048163,25.090031746031745,2.175014631968444
78.80047619048163,25.56342857142857,2.1445362159267995
78.80047619048163,26.036825396825396,2.10287280896727
78.80047619048163,26.51022222222222,2.1089858541193136
78.80047619048163,26.983619047619047,2.065870499613361
78.80047619048163,27.457015873015873,2.1225680720776077
78.80047619048163,27.930412698412695,1.9875804331944416
78.80047619048163,28.40380952380952,2.0312863846226747
78.80047619048163,28.877206349206347,1.898786811370573
78.80047619048163,29.350603174603172,1.9073314751928296
78.80047619048163,29.823999999999998,2.0522648087914304
81.01746031746549,1.1248943957393e-311,2.3806369982375966
81.01746031746549,0.47339682539682537,2.2824117468915146
81.01746031746549,0.9467936507936507,2.1693508181156007
81.01746031746549,1.4201904761904762,2.029342112757188
81.01746031746549,1.8935873015873015,2.0347444303993893
81.01746031746549,2.3669841269841267,1.9914440581989716
81.01746031746549,2.8403809523809525,1.9081771479417728
81.01746031746549,3.3137777777777777,1.818073064104971
81.01746031746549,3.787174603174603,1.8980693386746028
81.01746031746549,4.260571428571429,1.892440000979561
81.01746031746549,4.7339682539682535,2.109256430009585
81.01746031746549,5.207365079365079,2.1302132088549155
81.01746031746549,5.680761904761905,2.149193535807584
81.01746031746549,6.15415873015873,2.098922014570355
81.01746031746549,6.627555555555555,2.2821423618940493
81.01746031746549,7.10095238095238,2.3453477865215966
81.01746031746549,7.574349206349206,2.3616460452329666
81.01746031746549,8.047746031746032,2.3505171854593705
81.01746031746549,8.521142857142857,2.3408938566394024
81.01746031746549,8.994539682539681,2.2432207329055656
81.01746031746549,9.467936507936507,2.1879762324278804
81.01746031746549,9.941333333333333,2.2341580167045882
81.01746031746549,10.414730158730158,2.1899100325950984
81.01746031746549,10.888126984126984,2.14823195666686
81.01746031746549,11.36152380952381,2.263339322009651
81.01746031746549,11.834920634920634,2.351884669258929
81.01746031746549,12.30831746031746,2.328794784106161
81.01746031746549,12.781714285714285,2.3648528994686004
81.01746031746549,13.25511111111111,2.2262213417239924
81.01746031746549,13.728507936507937,2.3535594993817774
81.01746031746549,14.20190476190476,2.23529718792573
81.01746031746549,14.675301587301586,2.162384241028476
81.01746031746549,15.148698412698412,2.0774877475570657
81.01746031746549,15.622095238095238,1.977841075822763
81.01746031746549,16.095492063492063,2.0145561202038196
81.01746031746549,16.56888888888889,2.1003085236206327
81.01746031746549,17.042285714285715,1.9620207241255987
81.01746031746549,17.51568253968254,2.0176353033137797
81.01746031746549,17.989079365079363,2.0012757441496776
81.01746031746549,18.46247619047619,2.0746952433315164
81.01746031746549,18.935873015873014,2.0398084493768605
81.01746031746549,19.40926984126984,2.0910196361892672
81.01746031746549,19.882666666666665,2.1237739786161014
81.01746031746549,20.35606349206349,2.1676528909981987
81.01746031746549,20.829460317460317,2.2022111732423717
81.01746031746549,21.302857142857142,2.321278989858041
81.01746031746549,21.776253968253968,2.3748854603358986
81.01746031746549,22.249650793650794,2.362510377893056
81.01746031746549,22.72304761904762,2.1193364484867585
81.01746031746549,23.19644444444444,2.1115957019746783
81.01746031746549,23.669841269841267,2.0444386451600054
81.01746031746549,24.143238095238093,2.147402796865229
81.01746031746549,24.61663492063492,2.206212923118891
81.01746031746549,25.090031746031745,2.217543506198506
81.01746031746549,25.56342857142857,2.185644268996695
81.01746031746549,26.036825396825396,2.14887964658924
81.01746031746549,26.51022222222222,2.047707804767824
81.01746031746549,26.983619047619047,2.1530074839158413
81.01746031746549,27.457015873015873,2.165892830125902
81.01746031746549,27.930412698412695,1.9747555592355621
81.01746031746549,28.40380952380952,1.8450402084776498
81.01746031746549,28.877206349206347,1.8283337401468969
81.01746031746549,29.350603174603172,1.937289190605574
81.01746031746549,29.823999999999998,2.0793377145967935
83.23444444444937,1.1248943957393e-311,2.3586042197979444
83.23444444444937,0.47339682539682537,2.229162208346364
83.23444444444937,0.9467936507936507,2.1952619918314182
83.23444444444937,1.4201904761904762,1.9779919743495125
83.23444444444937,1.8935873015873015,1.924964976558675
83.23444444444937,2.3669841269841267,1.9479965015258085
83.23444444444937,2.8403809523809525,1.8902912012693591
83.23444444444937,3.3137777777777777,1.9476315986976642
83.23444444444937,3.787174603174603,1.8896816658817133
83.23444444444937,4.260571428571429,1.9049723598865955
83.23444444444937,4.7339682539682535,1.892222154806989
83.23444444444937,5.207365079365079,2.062782102241879
83.23444444444937,5.680761904761905,2.250299374204679
83.23444444444937,6.15415873015873,2.1761265668108427
83.23444444444937,6.627555555555555,2.2650435655329213
83.23444444444937,7.10095238095238,2.1486582276932253
83.23444444444937,7.574349206349206,2.2859794348486133
83.23444444444937,8.047746031746032,2.269412788726951
83.23444444444937,8.521142857142857,2.332643354408675
83.23444444444937,8.994539682539681,2.2603981855772837
83.23444444444937,9.467936507936507,2.3596175648179605
83.23444444444937,9.941333333333333,2.1463561386267167
83.23444444444937,10.414730158730158,2.187898582555552
83.23444444444937,10.888126984126984,2.108533998765227
83.23444444444937,11.36152380952381,2.279822301947279
83.23444444444937,11.834920634920634,2.303217190552793
83.23444444444937,12.30831746031746,2.289876078173501
83.23444444444937,12.781714285714285,2.165791150090866
83.23444444444937,13.25511111111111,2.1990285256998057
83.23444444444937,13.728507936507937,2.0438077742135055
83.23444444444937,14.20190476190476,2.1669215942615554
83.23444444444937,14.675301587301586,2.1213159500205654
83.23444444444937,15.148698412698412,2.0782588865902047
83.23444444444937,15.622095238095238,2.015544014093068
83.23444444444937,16.095492063492063,2.117254065504293
83.23444444444937,16.56888888888889,2.036514655108621
83.23444444444937,17.042285714285715,1.919034400388374
83.23444444444937,17.51568253968254,2.1428796686449822
83.23444444444937,17.989079365079363,2.180478318826505
83.23444444444937,18.46247619047619,2.1465125951424575
83.23444444444937,18.935873015873014,1.976997507251895
83.23444444444937,19.40926984126984,1.9287382403533262
83.23444444444937,19.882666666666665,1.976830829021267
83.23444444444937,20.35606349206349,2.172086770510023
83.23444444444937,20.829460317460317,2.2788484659857935
83.23444444444937,21.302857142857142,2.2775333504566757
83.23444444444937,21.776253968253968,2.278575580219685
83.23444444444937,22.249650793650794,2.1346945677740012
83.23444444444937,22.72304761904762,2.1833574023460565
83.23444444444937,23.19644444444444,2.1890926683539322
83.23444444444937,23.669841269841267,2.244703538691886
83.23444444444937,24.143238095238093,2.303711125939405
83.23444444444937,24.61663492063492,2.2417020914979418
83.23444444444937,25.090031746031745,2.2095237426851333
83.23444444444937,25.56342857142857,2.263981388887485
83.23444444444937,26.036825396825396,2.261066218754722
83.23444444444937,26.51022222222222,2.206826760444816
83.23444444444937,26.983619047619047,2.1188191708386315
83.23444444444937,27.457015873015873,2.2799858608480372
83.23444444444937,27.930412698412695,2.058049188526824
83.23444444444937,28.40380952380952,1.9816551780710778
83.23444444444937,28.877206349206347,1.9046040885285322
83.23444444444937,29.350603174603172,1.9347907140263843
83.23444444444937,29.823999999999998,2.0459037161912126
85.45142857143323,1.1248943957393e-311,2.2392017033567693
85.45142857143323,0.47339682539682537,2.1541126409489184
85.45142857143323,0.9467936507936507,2.0423243754209333
85.45142857143323,1.4201904761904762,1.8567216897580905
85.45142857143323,1.8935873015873015,1.9231563250606414
85.45142857143323,2.3669841269841267,1.9051333708620515
85.45142857143323,2.8403809523809525,1.872898399517008
85.45142857143323,3.3137777777777777,1.8631292786238998
85.45142857143323,3.787174603174603,1.9642963940010703
85.45142857143323,4.260571428571429,1.9977122161192051
85.45142857143323,4.7339682539682535,2.0029346409327795
85.45142857143323,5.207365079365079,2.079696547634999
85.45142857143323,5.680761904761905,2.118682889204447
85.45142857143323,6.15415873015873,2.1668168423719876
85.45142857143323,6.627555555555555,2.201615397398343
85.45142857143323,7.10095238095238,2.2342230299989962
85.45142857143323,7.574349206349206,2.296178536769872
85.45142857143323,8.047746031746032,2.4043946299800076
85.45142857143323,8.521142857142857,2.414761708695812
85.45142857143323,8.994539682539681,2.355638230892565
85.45142857143323,9.467936507936507,2.1989569129092246
85.45142857143323,9.941333333333333,2.0748103808549314
85.45142857143323,10.414730158730158,2.0325107829034876
85.45142857143323,10.888126984126984,2.072572132873054
85.45142857143323,11.36152380952381,2.241642140283003
85.45142857143323,11.834920634920634,2.34482497932014
85.45142857143323,12.30831746031746,2.3404911001211297
85.45142857143323,12.781714285714285,2.1892654759973986
85.45142857143323,13.25511111111111,1.9810926369687283
85.45142857143323,13.728507936507937,1.983711364861266
85.45142857143323,14.20190476190476,2.1391469488257653
85.45142857143323,14.675301587301586,2.193699505186442
85.45142857143323,15.148698412698412,2.1239243657868547
85.45142857143323,15.622095238095238,1.994642751521755
85.45142857143323,16.095492063492063,2.085706046740165
85.45142857143323,16.56888888888889,2.0866817726556928
85.45142857143323,17.042285714285715,2.0556330489254444
85.45142857143323,17.51568253968254,2.2135286417164095
85.45142857143323,17.989079365079363,2.3161858244917752
85.45142857143323,18.46247619047619,2.1692827722488417
85.45142857143323,18.935873015873014,2.0349803420665293
85.45142857143323,19.40926984126984,1.8960295099908027
85.45142857143323,19.882666666666665,2.0063716966131215
85.45142857143323,20.35606349206349,2.2421800277756962
85.45142857143323,20.829460317460317,2.226978173311613
85.45142857143323,21.302857142857142,2.2020728063292476
85.45142857143323,21.776253968253968,2.153842104683149
85.45142857143323,22.249650793650794,2.268730315940743
85.45142857143323,22.72304761904762,2.349211045815686
85.45142857143323,23.19644444444444,2.277475710946269
85.45142857143323,23.669841269841267,2.315463052074783
85.45142857143323,24.143238095238093,2.2956149747307606
85.45142857143323,24.61663492063492,2.211762413135699
85.45142857143323,25.090031746031745,2.205214833835655
85.45142857143323,25.56342857142857,2.291891901283077
85.45142857143323,26.036825396825396,2.2548548681250757
85.45142857143323,26.51022222222222,2.169165966252609
85.45142857143323,26.983619047619047,2.1607500698293425
85.45142857143323,27.457015873015873,2.1485420626795966
85.45142857143323,27.930412698412695,2.0547401438111867
85.45142857143323,28.40380952380952,2.0766767052131088
85.45142857143323,28.877206349206347,2.0085751405772196
85.45142857143323,29.350603174603172,2.0832351668329827
85.45142857143323,29.823999999999998,1.9697349921985916
87.6684126984171,1.1248943957393e-311,2.2202926176887128
87.6684126984171,0.47339682539682537,2.123272897949187
87.6684126984171,0.9467936507936507,2.0234337035813406
87.6684126984171,1.4201904761904762,2.0310013690128432
87.6684126984171,1.8935873015873015,1.939765239662243
87.6684126984171,2.3669841269841267,1.8881112315834465
87.6684126984171,2.8403809523809525,1.8956444335074283
87.6684126984171,3.3137777777777777,1.8473372533367134
87.6684126984171,3.787174603174603,1.9265889246811896
87.6684126984171,4.260571428571429,2.050137927141174
87.6684126984171,4.7339682539682535,2.0519894248263837
87.6684126984171,5.207365079365079,2.056160657665876
87.6684126984171,5.680761904761905,2.0556073483781123
87.6684126984171,6.15415873015873,2.235497626479754
87.6684126984171,6.627555555555555,2.3003372116413736
87.6684126984171,7.10095238095238,2.349312690244717
87.6684126984171,7.574349206349206,2.275332458855877
87.6684126984171,8.047746031746032,2.393140445041629
87.6684126984171,8.521142857142857,2.4041171635061547
87.6684126984171,8.994539682539681,2.328244438911778
87.6684126984171,9.467936507936507,2.171395349682564
87.6684126984171,9.941333333333333,2.0721288606608965
87.6684126984171,10.414730158730158,1.90036258842282
87.6684126984171,10.888126984126984,2.0812718448119556
87.6684126984171,11.36152380952381,2.255524986125234
87.6684126984171,11.834920634920634,2.274045799504276
87.6684126984171,12.30831746031746,2.210572069308779
87.6684126984171,12.781714285714285,2.145036315238363
87.6684126984171,13.25511111111111,2.0084595204832483
87.6684126984171,13.728507936507937,1.9360048026992036
87.6684126984171,14.20190476190476,2.0497274332664803
87.6684126984171,14.675301587301586,2.2382592458203754
87.6684126984171,15.148698412698412,2.082165048374458
87.6684126984171,15.622095238095238,2.012506235071082
87.6684126984171,16.095492063492063,2.0913764632132676
87.6684126984171,16.56888888888889,2.1822063671250516
87.6684126984171,17.042285714285715,2.230529398432724
87.6684126984171,17.51568253968254,2.3632273095895386
87.6684126984171,17.989079365079363,2.259278700884476
87.6684126984171,18.46247619047619,2.164723015256386
87.6684126984171,18.935873015873014,1.9907256931319848
87.6684126984171,19.40926984126984,2.086244892724999
87.6684126984171,19.882666666666665,2.0133390662305053
87.6684126984171,20.35606349206349,2.1348130326773704
87.6684126984171,20.829460317460317,2.2225052041539173
87.6684126984171,21.302857142857142,2.3413011269043063
87.6684126984171,21.776253968253968,2.2717885634391095
87.6684126984171,22.249650793650794,2.34595755913167
87.6684126984171,22.72304761904762,2.26259930337358
87.6684126984171,23.19644444444444,2.3542488081387813
87.6684126984171,23.669841269841267,2.128989560855034
87.6684126984171,24.143238095238093,2.1419769076738056
87.6684126984171,24.61663492063492,2.191081625709204
87.6684126984171,25.090031746031745,2.163492584005218
87.6684126984171,25.56342857142857,2.160742530244602
87.6684126984171,26.036825396825396,2.2686106265037926
87.6684126984171,26.51022222222222,2.325929351352511
87.6684126984171,26.983619047619047,2.3837892412297847
87.6684126984171,27.457015873015873,2.2330038305684896
87.6684126984171,27.930412698412695,1.9463318099278117
87.6684126984171,28.40380952380952,1.9918186327257963
87.6684126984171,28.877206349206347,2.135177300549504
87.6684126984171,29.350603174603172,2.205360645712248
87.6684126984171,29.823999999999998,1.9751023004708237
89.88539682540097,1.1248943957393e-311,2.265527684236177
89.88539682540097,0.47339682539682537,2.161337666325351
89.88539682540097,0.9467936507936507,2.015034407409824
89.88539682540097,1.4201904761904762,1.8840745629718605
89.88539682540097,1.8935873015873015,1.9657279223676998
89.88539682540097,2.3669841269841267,1.825097336278558
89.88539682540097,2.8403809523809525,1.8826251364871032
89.88539682540097,3.3137777777777777,1.938425425349887
89.88539682540097,3.787174603174603,2.0259537818949367
89.88539682540097,4.260571428571429,1.896397772904409
89.88539682540097,4.7339682539682535,1.9267893158080847
89.88539682540097,5.207365079365079,1.9693702458404296
89.88539682540097,5.680761904761905,2.1427125776021976
89.88539682540097,6.15415873015873,2.078690892912952
89.88539682540097,6.627555555555555,2.164446892143882
89.88539682540097,7.10095238095238,2.2609194752195565
89.88539682540097,7.574349206349206,2.3596995957815046
89.88539682540097,8.047746031746032,2.3088611295818477
89.88539682540097,8.521142857142857,2.4258984837252378
89.88539682540097,8.994539682539681,2.3337654121946008
89.88539682540097,9.467936507936507,2.203023456387752
89.88539682540097,9.941333333333333,1.954264465879691
89.88539682540097,10.414730158730158,2.0512920414168403
89.88539682540097,10.888126984126984,2.2299086140084636
89.88539682540097,11.36152380952381,2.360205328627756
89.88539682540097,11.834920634920634,2.235103265302146
89.88539682540097,12.30831746031746,2.1358624088009046
89.88539682540097,12.781714285714285,1.983247960886111
89.88539682540097,13.25511111111111,2.0386081314605913
89.88539682540097,13.728507936507937,2.066046789552105
89.88539682540097,14.20190476190476,1.9350746045981135
89.88539682540097,14.675301587301586,2.122912626410157
89.88539682540097,15.148698412698412,2.2504930042239812
89.88539682540097,15.622095238095238,2.1673686555243723
89.88539682540097,16.095492063492063,2.1981809002450743
89.88539682540097,16.56888888888889,2.168912456230776
89.88539682540097,17.042285714285715,2.3014823400689215
89.88539682540097,17.51568253968254,2.2247680833259573
89.88539682540097,17.989079365079363,2.105187769300932
89.88539682540097,18.46247619047619,2.0353445027905894
89.88539682540097,18.935873015873014,2.171799572769507
89.88539682540097,19.40926984126984,2.22050988282607
89.88539682540097,19.882666666666665,2.156543662846894
89.88539682540097,20.35606349206349,2.2662448435300355
89.88539682540097,20.829460317460317,2.2008384417562525
89.88539682540097,21.302857142857142,2.1988239027088157
89.88539682540097,21.776253968253968,2.3008823437083628
89.88539682540097,22.249650793650794,2.334366495393393
89.88539682540097,22.72304761904762,2.3925691017827897
89.88539682540097,23.19644444444444,2.356744035216409
89.88539682540097,23.669841269841267,2.2769586146170244
89.88539682540097,24.143238095238093,2.240551281343749
89.88539682540097,24.61663492063492,2.243046225430698
89.88539682540097,25.090031746031745,2.253268067693876
89.88539682540097,25.56342857142857,2.1761171676405047
89.88539682540097,26.036825396825396,2.228946883013211
89.88539682540097,26.51022222222222,2.2844152855392146
89.88539682540097,26.983619047619047,2.3182681539206844
89.88539682540097,27.457015873015873,2.0951934174223923
89.88539682540097,27.930412698412695,1.9776499995393255
89.88539682540097,28.40380952380952,2.074733826248043
89.88539682540097,28.877206349206347,2.2051821746097757
89.88539682540097,29.350603174603172,2.1020418533947836
89.88539682540097,29.823999999999998,1.8959539181805238
92.10238095238483,1.1248943957393e-311,2.1650925108323116
92.10238095238483,0.47339682539682537,2.0382253164969812
92.10238095238483,0.9467936507936507,2.0237758755881634
92.10238095238483,1.4201904761904762,1.9918611361707426
92.10238095238483,1.8935873015873015,1.9820711377385698
92.10238095238483,2.3669841269841267,1.838772680148914
92.10238095238483,2.8403809523809525,1.9997230771379966
92.10238095238483,3.3137777777777777,2.0207422963332293
92.10238095238483,3.787174603174603,2.0762112751618296
92.10238095238483,4.260571428571429,2.0039928373251135
92.10238095238483,4.7339682539682535,1.9603179209588413
92.10238095238483,5.207365079365079,2.0431535176532494
92.10238095238483,5.680761904761905,2.067101093169756
92.10238095238483,6.15415873015873,2.114353517849044
92.10238095238483,6.627555555555555,2.129082718420609
92.10238095238483,7.10095238095238,2.1559089789472097
92.10238095238483,7.574349206349206,2.346492642577208
92.10238095238483,8.047746031746032,2.36735707600583
92.10238095238483,8.521142857142857,2.410970318021938
92.10238095238483,8.994539682539681,2.353649831883807
92.10238095238483,9.467936507936507,2.0214030600125388
92.10238095238483,9.941333333333333,1.9038255447792927
92.10238095238483,10.414730158730158,2.064542472386941
92.10238095238483,10.888126984126984,2.2720833317178233
92.10238095238483,11.36152380952381,2.4353878300227603
92.10238095238483,11.834920634920634,2.252281751046612
92.10238095238483,12.30831746031746,2.277349788245194
92.10238095238483,12.781714285714285,2.1808899060749862
92.10238095238483,13.25511111111111,2.1102551472252604
92.10238095238483,13.728507936507937,1.9396584318176446
92.10238095238483,14.20190476190476,1.9575337330862561
92.10238095238483,14.675301587301586,2.048288411294315
92.10238095238483,15.148698412698412,2.2142743063317343
92.10238095238483,15.622095238095238,2.2355053683347945
92.10238095238483,16.095492063492063,2.269345140944957
92.10238095238483,16.56888888888889,2.0790368283375904
92.10238095238483,17.042285714285715,2.051573529892821
92.10238095238483,17.51568253968254,1.9949437454451027
92.10238095238483,17.989079365079363,2.1186229687335953
92.10238095238483,18.46247619047619,2.091411011793612
92.10238095238483,18.935873015873014,2.1192713314758524
92.10238095238483,19.40926984126984,2.147676462272674
92.10238095238483,19.882666666666665,2.2129014493006878
92.10238095238483,20.35606349206349,2.226274855808978
92.10238095238483,20.829460317460317,2.234877764869292
92.10238095238483,21.302857142857142,2.1491008623229058
92.10238095238483,21.776253968253968,2.1000873631070625
92.10238095238483,22.249650793650794,2.379043044872839
92.10238095238483,22.72304761904762,2.440309900678159
92.10238095238483,23.19644444444444,2.3383085657353933
92.10238095238483,23.669841269841267,2.363380888203476
92.10238095238483,24.143238095238093,2.3952955170109353
92.10238095238483,24.61663492063492,2.318365389314751
92.10238095238483,25.090031746031745,2.213296055361423
92.10238095238483,25.56342857142857,2.1460420517572927
92.10238095238483,26.036825396825396,2.344762095175612
92.10238095238483,26.51022222222222,2.279782851793907
92.10238095238483,26.983619047619047,2.2401528372461543
92.10238095238483,27.457015873015873,2.187808962719707
92.10238095238483,27.930412698412695,2.1035715203968683
92.10238095238483,28.40380952380952,2.157561774218295
92.10238095238483,28.877206349206347,2.0817809505377936
92.10238095238483,29.350603174603172,1.9471354234188978
92.10238095238483,29.823999999999998,1.9336242866451596
94.31936507936871,1.1248943957393e-311,2.087026742360146
94.31936507936871,0.47339682539682537,2.0961736005507774
94.31936507936871,0.9467936507936507,2.1705520112109697
94.31936507936871,1.4201904761904762,2.1204494287200135
94.31936507936871,1.8935873015873015,1.9313616178731943
94.31936507936871,2.3669841269841267,1.9366226046727
94.31936507936871,2.8403809523809525,2.0380826313913945
94.31936507936871,3.3137777777777777,2.0423035722463365
94.31936507936871,3.787174603174603,2.034403745316736
94.31936507936871,4.260571428571429,2.14661393401958
94.31936507936871,4.7339682539682535,2.0953684643216244
94.31936507936871,5.207365079365079,2.006894335154015
94.31936507936871,5.680761904761905,1.9882911305835402
94.31936507936871,6.15415873015873,2.1295040405280856
94.31936507936871,6.627555555555555,2.1716548529930226
94.31936507936871,7.10095238095238,2.2359268422643757
94.31936507936871,7.574349206349206,2.2067435321730073
94.31936507936871,8.047746031746032,2.374417582982108
94.31936507936871,8.521142857142857,2.45627778005787
94.31936507936871,8.994539682539681,2.3724198834250374
94.31936507936871,9.467936507936507,2.0934555234235774
94.31936507936871,9.941333333333333,2.146472464344066
94.31936507936871,10.414730158730158,2.05809999782542
94.31936507936871,10.888126984126984,2.2189287856330955
94.31936507936871,11.36152380952381,2.1477987907438014
94.31936507936871,11.834920634920634,2.2217240919661783
94.31936507936871,12.30831746031746,2.201192172390769
94.31936507936871,12.781714285714285,2.147649599961057
94.31936507936871,13.25511111111111,2.0175730472938476
94.31936507936871,13.728507936507937,2.0237154204469734
94.31936507936871,14.20190476190476,1.971026267620772
94.31936507936871,14.675301587301586,2.0536893055866745
94.31936507936871,15.148698412698412,2.0658542816994134
94.31936507936871,15.622095238095238,2.1022759162228644
94.31936507936871,16.095492063492063,2.014366403414598
94.31936507936871,16.56888888888889,1.9961384843541523
94.31936507936871,17.042285714285715,1.8997853835112233
94.31936507936871,17.51568253968254,2.0283957813593076
94.31936507936871,17.989079365079363,2.132198900708451
94.31936507936871,18.46247619047619,2.121839702546722
94.31936507936871,18.935873015873014,2.0352338904382523
94.31936507936871,19.40926984126984,2.1339175173483853
94.31936507936871,19.882666666666665,2.256495841906888
94.31936507936871,20.35606349206349,2.2566761958370503
94.31936507936871,20.829460317460317,2.276065871584495
94.31936507936871,21.302857142857142,2.2418624903531557
94.31936507936871,21.776253968253968,2.1124943295853873
94.31936507936871,22.249650793650794,2.2232921748507715
94.31936507936871,22.72304761904762,2.269432533630757
94.31936507936871,23.19644444444444,2.3572068281466074
94.31936507936871,23.669841269841267,2.3922807531994974
94.31936507936871,24.143238095238093,2.394589374123555
94.31936507936871,24.61663492063492,2.2487851212532024
94.31936507936871,25.090031746031745,2.2109916932573093
94.31936507936871,25.56342857142857,2.2241911880045193
94.31936507936871,26.036825396825396,2.4119717768830364
94.31936507936871,26.51022222222222,2.3867096426685865
94.31936507936871,26.983619047619047,2.3254539641972913
94.31936507936871,27.457015873015873,2.157228998689317
94.31936507936871,27.930412698412695,2.2196138328826844
94.31936507936871,28.40380952380952,2.1667545716193897
94.31936507936871,28.877206349206347,2.207503843993252
94.31936507936871,29.350603174603172,2.0791262288067145
94.31936507936871,29.823999999999998,2.045101196347799
96.53634920635257,1.1248943957393e-311,2.066973160214162
96.53634920635257,0.47339682539682537,1.976963101541245
96.53634920635257,0.9467936507936507,2.119491068672134
96.53634920635257,1.4201904761904762,2.058414504891462
96.53634920635257,1.8935873015873015,2.06148083994881
96.53634920635257,2.3669841269841267,2.081771038953268
96.53634920635257,2.8403809523809525,2.1708237075353716
96.53634920635257,3.3137777777777777,2.0949031482263942
96.53634920635257,3.787174603174603,2.252208592701357
96.53634920635257,4.260571428571429,2.2615515884263617
96.53634920635257,4.7339682539682535,2.1471260908893455
96.53634920635257,5.207365079365079,1.9163424573857892
96.53634920635257,5.680761904761905,2.0547961777919035
96.53634920635257,6.15415873015873,2.0415174232831546
96.53634920635257,6.627555555555555,2.152402190831353
96.53634920635257,7.10095238095238,2.2745326463639097
96.53634920635257,7.574349206349206,2.3617313414925474
96.53634920635257,8.047746031746032,2.4784160340103774
96.53634920635257,8.521142857142857,2.4331793203693803
96.53634920635257,8.994539682539681,2.4477426620872236
96.53634920635257,9.467936507936507,2.295457153338154
96.53634920635257,9.941333333333333,2.187925034462644
96.53634920635257,10.414730158730158,2.0643200468866767
96.53634920635257,10.888126984126984,2.014996972704159
96.53634920635257,11.36152380952381,2.087810824093784
96.53634920635257,11.834920634920634,2.2553529280315936
96.53634920635257,12.30831746031746,2.0930612695386275
96.53634920635257,12.781714285714285,2.1474491867290912
96.53634920635257,13.25511111111111,2.05408780384898
96.53634920635257,13.728507936507937,2.0486118956087287
96.53634920635257,14.20190476190476,2.0143181399801104
96.53634920635257,14.675301587301586,1.9590730290983063
96.53634920635257,15.148698412698412,1.9338302957859583
96.53634920635257,15.622095238095238,2.0425035625478656
96.53634920635257,16.095492063492063,1.934285391877144
96.53634920635257,16.56888888888889,1.8883988064464678
96.53634920635257,17.042285714285715,1.9024515474737473
96.53634920635257,17.51568253968254,1.9513420201844287
96.53634920635257,17.989079365079363,1.9785947132992732
96.53634920635257,18.46247619047619,1.990816756013808
96.53634920635257,18.935873015873014,2.210687477964559
96.53634920635257,19.40926984126984,2.2488032836292793
96.53634920635257,19.882666666666665,2.2508433013484166
96.53634920635257,20.35606349206349,2.08576118650397
96.53634920635257,20.829460317460317,2.1309393100278395
96.53634920635257,21.302857142857142,2.1208665595412293
96.53634920635257,21.776253968253968,2.1225702842308256
96.53634920635257,22.249650793650794,2.167134015001957
96.53634920635257,22.72304761904762,2.3646437392647615
96.53634920635257,23.19644444444444,2.3971167720048956
96.53634920635257,23.669841269841267,2.419368412684058
96.53634920635257,24.143238095238093,2.3629700267046085
96.53634920635257,24.61663492063492,2.2358934772105137
96.53634920635257,25.090031746031745,2.0439779875956035
96.53634920635257,25.56342857142857,2.1751639308994246
96.53634920635257,26.036825396825396,2.244872371164712
96.53634920635257,26.51022222222222,2.2884633619953423
96.53634920635257,26.983619047619047,2.2536746324727437
96.53634920635257,27.457015873015873,2.2700449001058782
96.53634920635257,27.930412698412695,2.238780546951232
96.53634920635257,28.40380952380952,2.2926262413980854
96.53634920635257,28.877206349206347,2.2739089453458368
96.53634920635257,29.350603174603172,2.04487511425058
96.53634920635257,29.823999999999998,2.0296734715559808
98.75333333333644,1.1248943957393e-311,2.1411315802415727
98.75333333333644,0.47339682539682537,2.100629298562818
98.75333333333644,0.9467936507936507,2.0104157687504425
98.75333333333644,1.4201904761904762,2.032768940246873
98.75333333333644,1.8935873015873015,2.1395887409397796
98.75333333333644,2.3669841269841267,2.0069639806737793
98.75333333333644,2.8403809523809525,2.1684539397441
98.75333333333644,3.3137777777777777,2.2558121624019094
98.75333333333644,3.787174603174603,2.2917755217856746
98.75333333333644,4.260571428571429,2.206561830769819
98.75333333333644,4.7339682539682535,2.1491368370511124
98.75333333333644,5.207365079365079,1.8860498709118385
98.75333333333644,5.680761904761905,2.097938038526928
98.75333333333644,6.15415873015873,2.075466064254285
98.75333333333644,6.627555555555555,2.233110717562043
98.75333333333644,7.10095238095238,2.2278352599940994
98.75333333333644,7.574349206349206,2.4198562698554644
98.75333333333644,8.047746031746032,2.3296629893463363
98.75333333333644,8.521142857142857,2.4209901687254884
98.75333333333644,8.994539682539681,2.3991146954448843
98.75333333333644,9.467936507936507,2.364279425320359
98.75333333333644,9.941333333333333,2.2449775852725544
98.75333333333644,10.414730158730158,2.19760088663084
98.75333333333644,10.888126984126984,2.060756116349281
98.75333333333644,11.36152380952381,2.1971975812320417
98.75333333333644,11.834920634920634,2.2570887989675636
98.75333333333644,12.30831746031746,2.199394999339459
98.75333333333644,12.781714285714285,2.04173246209017
98.75333333333644,13.25511111111111,2.040337800386792
98.75333333333644,13.728507936507937,1.907413379083628
98.75333333333644,14.20190476190476,1.889420852165449
98.75333333333644,14.675301587301586,1.9084368336655548
98.75333333333644,15.148698412698412,1.854840028396521
98.75333333333644,15.622095238095238,1.8250677498322752
98.75333333333644,16.095492063492063,1.822004167841252
98.75333333333644,16.56888888888889,1.8702507642795405
98.75333333333644,17.042285714285715,1.906045089724181
98.75333333333644,17.51568253968254,1.8687893498837052
98.75333333333644,17.989079365079363,1.8447564259482554
98.75333333333644,18.46247619047619,2.0723497865913862
98.75333333333644,18.935873015873014,2.2828357037167244
98.75333333333644,19.40926984126984,2.206706935493946
98.75333333333644,19.882666666666665,2.2156920911978064
98.75333333333644,20.35606349206349,2.0481191756251054
98.75333333333644,20.829460317460317,2.0562957887242006
98.75333333333644,21.302857142857142,2.066479805368434
98.75333333333644,21.776253968253968,2.1731822302830355
98.75333333333644,22.249650793650794,2.2430002829717073
98.75333333333644,22.72304761904762,2.2638713503718386
98.75333333333644,23.19644444444444,2.204683144103607
98.75333333333644,23.669841269841267,2.318246681214642
98.75333333333644,24.143238095238093,2.209985047897254
98.75333333333644,24.61663492063492,2.201755578181425
98.75333333333644,25.090031746031745,2.0560393277402618
98.75333333333644,25.56342857142857,2.1428130198168294
98.75333333333644,26.036825396825396,2.1500921161788664
98.75333333333644,26.51022222222222,2.3233985683279865
98.75333333333644,26.983619047619047,2.217960530757117
98.75333333333644,27.457015873015873,2.3391464063326284
98.75333333333644,27.930412698412695,2.2717103623830086
98.75333333333644,28.40380952380952,2.2781451912115633
98.75333333333644,28.877206349206347,2.017911543976065
98.75333333333644,29.350603174603172,2.032858688253618
98.75333333333644,29.823999999999998,2.005059997456139
100.97031746032032,1.1248943957393e-311,2.209274439763219
100.97031746032032,0.47339682539682537,2.3360121493840706
100.97031746032032,0.9467936507936507,2.1182657295463683
100.97031746032032,1.4201904761904762,1.9459231623047915
100.97031746032032,1.8935873015873015,2.0325499957618325
100.97031746032032,2.3669841269841267,2.0936961385628168
100.97031746032032,2.8403809523809525,2.1784395572191384
100.97031746032032,3.3137777777777777,2.1749711677567443
100.97031746032032,3.787174603174603,2.168812296190411
100.97031746032032,4.260571428571429,2.0835196181614752
100.97031746032032,4.7339682539682535,2.1489034646103575
100.97031746032032,5.207365079365079,2.045244398039425
100.97031746032032,5.680761904761905,2.0478437581297557
100.97031746032032,6.15415873015873,2.0661426356458725
100.97031746032032,6.627555555555555,2.0496189533141034
100.97031746032032,7.10095238095238,2.1549350500846485
100.97031746032032,7.574349206349206,2.3241903639715
100.97031746032032,8.047746031746032,2.257973434746447
100.97031746032032,8.521142857142857,2.489376610933695
100.97031746032032,8.994539682539681,2.342333396845227
100.97031746032032,9.467936507936507,2.315089369899775
100.97031746032032,9.941333333333333,2.2641741795259565
100.97031746032032,10.414730158730158,2.357287753027164
100.97031746032032,10.888126984126984,2.3148724883670444
100.97031746032032,11.36152380952381,2.1796081273818206
100.97031746032032,11.834920634920634,2.2380107061047214
100.97031746032032,12.30831746031746,2.2599440243419724
100.97031746032032,12.781714285714285,2.180038854934886
100.97031746032032,13.25511111111111,2.021359680597013
100.97031746032032,13.728507936507937,2.000316590787727
100.97031746032032,14.20190476190476,1.9775516088070004
100.97031746032032,14.675301587301586,1.9668744998832877
100.97031746032032,15.148698412698412,1.8771691940401591
100.97031746032032,15.622095238095238,1.777943821785713
100.97031746032032,16.095492063492063,1.6598719859665536
100.97031746032032,16.56888888888889,1.830909524707662
100.97031746032032,17.042285714285715,1.8292502645016655
100.97031746032032,17.51568253968254,1.8921386385138836
100.97031746032032,17.989079365079363,1.9291141524456805
100.97031746032032,18.46247619047619,2.09528731662867
100.97031746032032,18.935873015873014,2.0691456512637876
100.97031746032032,19.40926984126984,2.2503916981177063
100.97031746032032,19.882666666666665,2.1247587703936213
100.97031746032032,20.35606349206349,2.1142406177858
100.97031746032032,20.829460317460317,2.0315484582142225
100.97031746032032,21.302857142857142,2.0935939025144044
100.97031746032032,21.776253968253968,2.1640868015616097
100.97031746032032,22.249650793650794,2.246417804579662
100.97031746032032,22.72304761904762,2.133362243714788
100.97031746032032,23.19644444444444,2.227515510563875
100.97031746032032,23.669841269841267,2.2066643026485138
100.97031746032032,24.143238095238093,2.1791064115347836
100.97031746032032,24.61663492063492,2.1393725417357072
100.97031746032032,25.090031746031745,2.1620627523256646
100.97031746032032,25.56342857142857,2.2096134489021253
100.97031746032032,26.036825396825396,2.2504923223265845
100.97031746032032,26.51022222222222,2.0861571695894052
100.97031746032032,26.983619047619047,2.193201410996726
100.97031746032032,27.457015873015873,2.203213956955085
100.97031746032032,27.930412698412695,2.2915998964851787
100.97031746032032,28.40380952380952,2.078909590111023
100.97031746032032,28.877206349206347,1.8985399727459336
100.97031746032032,29.350603174603172,1.9520673693514798
100.97031746032032,29.823999999999998,1.9772168358151394
103.18730158730418,1.1248943957393e-311,2.1539258399091064
103.18730158730418,0.47339682539682537,2.23249271297682
103.18730158730418,0.9467936507936507,2.159225175275
103.18730158730418,1.4201904761904762,2.1158428366841133
103.18730158730418,1.8935873015873015,2.11551215515177
103.18730158730418,2.3669841269841267,2.1031058570959567
103.18730158730418,2.8403809523809525,2.1239606757531755
103.18730158730418,3.3137777777777777,2.1388326168860345
103.18730158730418,3.787174603174603,2.1135298131255156
103.18730158730418,4.260571428571429,2.1716218093700377
103.18730158730418,4.7339682539682535,2.216492570807447
103.18730158730418,5.207365079365079,2.126294174586349
103.18730158730418,5.680761904761905,2.0448079970878967
103.18730158730418,6.15415873015873,2.03521004548202
103.18730158730418,6.627555555555555,2.082052839372791
103.18730158730418,7.10095238095238,2.189417179357642
103.18730158730418,7.574349206349206,2.272228678272937
103.18730158730418,8.047746031746032,2.286349830295501
103.18730158730418,8.521142857142857,2.292995363685186
103.18730158730418,8.994539682539681,2.2884850786736184
103.18730158730418,9.467936507936507,2.267982091886695
103.18730158730418,9.941333333333333,2.2939385712723963
103.18730158730418,10.414730158730158,2.385969625582474
103.18730158730418,10.888126984126984,2.3320149714326512
103.18730158730418,11.36152380952381,2.1689883484032544
103.18730158730418,11.834920634920634,2.243141052288416
103.18730158730418,12.30831746031746,2.332709575750984
103.18730158730418,12.781714285714285,2.275240853653936
103.18730158730418,13.25511111111111,2.0973804699052794
103.18730158730418,13.728507936507937,1.9772663008002087
103.18730158730418,14.20190476190476,1.9047821659655553
103.18730158730418,14.675301587301586,1.9093643901399735
103.18730158730418,15.148698412698412,2.0203320493931916
103.18730158730418,15.622095238095238,1.9460546863141763
103.18730158730418,16.095492063492063,1.7841023880220148
103.18730158730418,16.56888888888889,1.8010065403773565
103.18730158730418,17.042285714285715,1.8577837504942913
103.18730158730418,17.51568253968254,1.9527044149759933
103.18730158730418,17.989079365079363,1.9075169946738177
103.18730158730418,18.46247619047619,1.999715580655504
103.18730158730418,18.935873015873014,1.9935623681469923
103.18730158730418,19.40926984126984,2.128556186223526
103.18730158730418,19.882666666666665,2.188120886486768
103.18730158730418,20.35606349206349,2.0594573627968398
103.18730158730418,20.829460317460317,1.9689106833828607
103.18730158730418,21.302857142857142,2.0963041446032586
103.18730158730418,21.776253968253968,2.096831933425627
103.18730158730418,22.249650793650794,2.172597763394768
103.18730158730418,22.72304761904762,2.0750131604035875
103.18730158730418,23.19644444444444,2.197048933033297
103.18730158730418,23.669841269841267,2.142508082933411
103.18730158730418,24.143238095238093,2.186861593080494
103.18730158730418,24.61663492063492,2.07063089355878
103.18730158730418,25.090031746031745,2.13544210865099
103.18730158730418,25.56342857142857,2.059076322953411
103.18730158730418,26.036825396825396,2.051351727892798
103.18730158730418,26.51022222222222,2.081333225479459
103.18730158730418,26.983619047619047,2.3217333112490777
103.18730158730418,27.457015873015873,2.281406455268272
103.18730158730418,27.930412698412695,2.1945126210259356
103.18730158730418,28.40380952380952,2.0190611457006877
103.18730158730418,28.877206349206347,1.9433287754614086
103.18730158730418,29.350603174603172,1.8992727612979614
103.18730158730418,29.823999999999998,1.9953630342366808
105.40428571428805,1.1248943957393e-311,2.124161781833577
105.40428571428805,0.47339682539682537,2.134837827517384
105.40428571428805,0.9467936507936507,2.073957704411504
105.40428571428805,1.4201904761904762,2.0838210721343606
105.40428571428805,1.8935873015873015,2.082942724552471
105.40428571428805,2.3669841269841267,2.034502333969633
105.40428571428805,2.8403809523809525,2.1288335659451243
105.40428571428805,3.3137777777777777,2.253532801215075
105.40428571428805,3.787174603174603,2.217087808030352
105.40428571428805,4.260571428571429,2.2093763913708258
105.40428571428805,4.7339682539682535,2.1814299902072793
105.40428571428805,5.207365079365079,2.1350446959192193
105.40428571428805,5.680761904761905,2.028360167059838
105.40428571428805,6.15415873015873,2.1107295478266317
105.40428571428805,6.627555555555555,2.0967110297557285
105.40428571428805,7.10095238095238,2.053779308936765
105.40428571428805,7.574349206349206,2.1491201767618486
105.40428571428805,8.047746031746032,2.07419858359556
105.40428571428805,8.521142857142857,2.2737193917319023
105.40428571428805,8.994539682539681,2.3098862724364313
105.40428571428805,9.467936507936507,2.2229856042122464
105.40428571428805,9.941333333333333,2.3095554087565455
105.40428571428805,10.414730158730158,2.3410944065450376
105.40428571428805,10.888126984126984,2.2970165875366533
105.40428571428805,11.36152380952381,2.3820804819191825
105.40428571428805,11.834920634920634,2.220320745140656
105.40428571428805,12.30831746031746,2.177316721996929
105.40428571428805,12.781714285714285,2.2093227212786086
105.40428571428805,13.25511111111111,2.0862085448981285
105.40428571428805,13.728507936507937,1.9644124076875875
105.40428571428805,14.20190476190476,1.9330931858777916
105.40428571428805,14.675301587301586,2.0032147581528084
105.40428571428805,15.148698412698412,2.1266699384827565
105.40428571428805,15.622095238095238,1.9961652736619457
105.40428571428805,16.095492063492063,1.8908204059897777
105.40428571428805,16.56888888888889,1.7966659729720589
105.40428571428805,17.042285714285715,1.881179718627136
105.40428571428805,17.51568253968254,1.916024273637923
105.40428571428805,17.989079365079363,2.0147129606616683
105.40428571428805,18.46247619047619,2.120622300098748
105.40428571428805,18.935873015873014,2.049168678743278
105.40428571428805,19.40926984126984,2.173534060844071
105.40428571428805,19.882666666666665,2.2250189520089085
105.40428571428805,20.35606349206349,1.9840487525109254
105.40428571428805,20.829460317460317,2.059899029392948
105.40428571428805,21.302857142857142,2.0587980722343606
105.40428571428805,21.776253968253968,2.073876966594621
105.40428571428805,22.249650793650794,1.9869529365273153
105.40428571428805,22.72304761904762,2.224034016747359
105.40428571428805,23.19644444444444,2.1593910349758114
105.40428571428805,23.669841269841267,2.0706692181562794
105.40428571428805,24.143238095238093,2.036381994012745
105.40428571428805,24.61663492063492,2.2649563359272786
105.40428571428805,25.090031746031745,2.1485241125441585
105.40428571428805,25.56342857142857,2.0987647729631407
105.40428571428805,26.036825396825396,2.0014662079220713
105.40428571428805,26.51022222222222,2.1342282794441925
105.40428571428805,26.983619047619047,2.177572140062264
105.40428571428805,27.457015873015873,2.1814145143211947
105.40428571428805,27.930412698412695,2.0129417631884645
105.40428571428805,28.40380952380952,2.0859898742877307
105.40428571428805,28.877206349206347,1.9420791304989284
105.40428571428805,29.350603174603172,2.1035600736714963
105.40428571428805,29.823999999999998,2.0028278837924045
107.62126984127191,1.1248943957393e-311,1.9733661751114895
107.62126984127191,0.47339682539682537,2.0603826644813927
107.62126984127191,0.9467936507936507,1.9808350950653058
107.62126984127191,1.4201904761904762,2.0571567868577203
107.62126984127191,1.8935873015873015,2.102065045089365
107.62126984127191,2.3669841269841267,2.0361081373566323
107.62126984127191,2.8403809523809525,2.2276386908163195
107.62126984127191,3.3137777777777777,2.2830514704964235
107.62126984127191,3.787174603174603,2.2532476978827636
107.62126984127191,4.260571428571429,2.195145039653376
107.62126984127191,4.7339682539682535,2.2511737818932014
107.62126984127191,5.207365079365079,2.1499619514421546
107.62126984127191,5.680761904761905,2.0913732475266174
107.62126984127191,6.15415873015873,2.0978215332650656
107.62126984127191,6.627555555555555,2.130737297890925
107.62126984127191,7.10095238095238,2.148665202892755
107.62126984127191,7.574349206349206,2.124569790138105
107.62126984127191,8.047746031746032,2.168333086015539
107.62126984127191,8.521142857142857,2.276359545272299
107.62126984127191,8.994539682539681,2.308945867596883
107.62126984127191,9.467936507936507,2.184387595552646
107.62126984127191,9.941333333333333,2.181141538123293
107.62126984127191,10.414730158730158,2.198527890274651
107.62126984127191,10.888126984126984,2.255148399736241
107.62126984127191,11.36152380952381,2.2909700339673704
107.62126984127191,11.834920634920634,2.2560682966444534
107.62126984127191,12.30831746031746,2.1075909009434906
107.62126984127191,12.781714285714285,2.071384124166984
107.62126984127191,13.25511111111111,2.09191332056092
107.62126984127191,13.728507936507937,2.060173906520673
107.62126984127191,14.20190476190476,1.995979311085129
107.62126984127191,14.675301587301586,2.1144188218924076
107.62126984127191,15.148698412698412,2.076542385370904
107.62126984127191,15.622095238095238,2.106961068195025
107.62126984127191,16.095492063492063,1.9663275810134277
107.62126984127191,16.56888888888889,1.9020008606888763
107.62126984127191,17.042285714285715,1.9587728131914681
107.62126984127191,17.51568253968254,1.9351420794830971
107.62126984127191,17.989079365079363,2.072410118088928
107.62126984127191,18.46247619047619,2.1580246069234343
107.62126984127191,18.935873015873014,2.1691422641427685
107.62126984127191,19.40926984126984,2.184261679959775
107.62126984127191,19.882666666666665,2.124261730778472
107.62126984127191,20.35606349206349,2.041546450297875
107.62126984127191,20.829460317460317,2.048065397756997
107.62126984127191,21.302857142857142,2.0739111168682656
107.62126984127191,21.776253968253968,2.0115404197874454
107.62126984127191,22.249650793650794,2.03317238480944
107.62126984127191,22.72304761904762,2.1292844756398814
107.62126984127191,23.19644444444444,2.203193846816156
107.62126984127191,23.669841269841267,2.0900914543530793
107.62126984127191,24.143238095238093,1.9953870312833093
107.62126984127191,24.61663492063492,2.1718689288994595
107.62126984127191,25.090031746031745,2.2338810034613625
107.62126984127191,25.56342857142857,2.056369881205611
107.62126984127191,26.036825396825396,1.8976771854161825
107.62126984127191,26.51022222222222,1.960374054285294
107.62126984127191,26.983619047619047,2.0688501316317702
107.62126984127191,27.457015873015873,2.2041702742162688
107.62126984127191,27.930412698412695,2.186900150243118
107.62126984127191,28.40380952380952,2.0055648798718644
107.62126984127191,28.877206349206347,1.932845209283317
107.62126984127191,29.350603174603172,1.9325555970813477
107.62126984127191,29.823999999999998,1.9607306218966665
109.83825396825578,1.1248943957393e-311,1.9688691192133922
109.83825396825578,0.47339682539682537,2.149553198466341
109.83825396825578,0.9467936507936507,2.09296844736207
109.83825396825578,1.4201904761904762,1.9504805942298598
109.83825396825578,1.8935873015873015,2.0690337772867764
109.83825396825578,2.3669841269841267,2.093821776398946
109.83825396825578,2.8403809523809525,2.2127226792687145
109.83825396825578,3.3137777777777777,2.3224019807469287
109.83825396825578,3.787174603174603,2.2992353761645874
109.83825396825578,4.260571428571429,2.1260182329914286
109.83825396825578,4.7339682539682535,2.218266867305146
109.83825396825578,5.207365079365079,2.1639576520035777
109.83825396825578,5.680761904761905,2.1524626741880573
109.83825396825578,6.15415873015873,2.066426333308024
109.83825396825578,6.627555555555555,2.1105674952235884
109.83825396825578,7.10095238095238,2.138383613422404
109.83825396825578,7.574349206349206,2.204295277503659
109.83825396825578,8.047746031746032,2.224833491067681
109.83825396825578,8.521142857142857,2.2194457674143253
109.83825396825578,8.994539682539681,2.231529264931344
109.83825396825578,9.467936507936507,2.272725432046537
109.83825396825578,9.941333333333333,2.1622647581463847
109.83825396825578,10.414730158730158,2.208636745637267
109.83825396825578,10.888126984126984,2.104947834568766
109.83825396825578,11.36152380952381,2.151251701469437
109.83825396825578,11.834920634920634,2.182599426387208
109.83825396825578,12.30831746031746,2.10774747705784
109.83825396825578,12.781714285714285,1.938499034081354
109.83825396825578,13.25511111111111,1.8921568240955828
109.83825396825578,13.728507936507937,2.0082792256461612
109.83825396825578,14.20190476190476,2.0777337444892128
109.83825396825578,14.675301587301586,2.099108768500165
109.83825396825578,15.148698412698412,2.1162258398329654
109.83825396825578,15.622095238095238,2.0828407024794586
109.83825396825578,16.095492063492063,2.072511844819304
109.83825396825578,16.56888888888889,2.097947250133464
109.83825396825578,17.042285714285715,2.0308972806798136
109.83825396825578,17.51568253968254,2.046108609053963
109.83825396825578,17.989079365079363,1.9722204522868403
109.83825396825578,18.46247619047619,2.0472846023130034
109.83825396825578,18.935873015873014,2.1084973209940614
109.83825396825578,19.40926984126984,2.2016161647412487
109.83825396825578,19.882666666666665,2.1829871357431507
109.83825396825578,20.35606349206349,2.2554910881926915
109.83825396825578,20.829460317460317,2.13771998820899
109.83825396825578,21.302857142857142,2.182166494307934
109.83825396825578,21.776253968253968,2.047483785602749
109.83825396825578,22.249650793650794,2.1077532316016026
109.83825396825578,22.72304761904762,2.1083736791503256
109.83825396825578,23.19644444444444,2.1756696793275037
109.83825396825578,23.669841269841267,2.1063142394025407
109.83825396825578,24.143238095238093,2.100923901634945
109.83825396825578,24.61663492063492,1.9901554621320336
109.83825396825578,25.090031746031745,2.0758806583780736
109.83825396825578,25.56342857142857,1.9868626719450582
109.83825396825578,26.036825396825396,1.9309771921001406
109.83825396825578,26.51022222222222,1.9041059008704786
109.83825396825578,26.983619047619047,2.0073221926826763
109.83825396825578,27.457015873015873,2.0848669421564
109.83825396825578,27.930412698412695,2.2447348066740633
109.83825396825578,28.40380952380952,1.9971629417578214
109.83825396825578,28.877206349206347,1.8948167298833556
109.83825396825578,29.350603174603172,1.942150457571339
109.83825396825578,29.823999999999998,2.124624087613724
112.05523809523964,1.1248943957393e-311,1.997746082628687
112.05523809523964,0.47339682539682537,2.0530352054546492
112.05523809523964,0.9467936507936507,2.012517779567393
112.05523809523964,1.4201904761904762,1.9812053766636777
112.05523809523964,1.8935873015873015,2.0941690989564403
112.05523809523964,2.3669841269841267,2.180779063864492
112.05523809523964,2.8403809523809525,2.2883525444626103
112.05523809523964,3.3137777777777777,2.3167648067380635
112.05523809523964,3.787174603174603,2.281244218947706
112.05523809523964,4.260571428571429,2.1520250785105133
112.05523809523964,4.7339682539682535,2.3343105136924422
112.05523809523964,5.207365079365079,2.250252414959238
112.05523809523964,5.680761904761905,2.2093116224063665
112.05523809523964,6.15415873015873,2.0832492666232962
112.05523809523964,6.627555555555555,2.1089415692489712
112.05523809523964,7.10095238095238,2.011222462619649
112.05523809523964,7.574349206349206,2.228755064320076
112.05523809523964,8.047746031746032,2.381198014899062
112.05523809523964,8.521142857142857,2.344345827961156
112.05523809523964,8.994539682539681,2.1698673619016895
112.05523809523964,9.467936507936507,2.22360959920371
112.05523809523964,9.941333333333333,2.1548449238446086
112.05523809523964,10.414730158730158,2.1730907717229813
112.05523809523964,10.888126984126984,2.125480795650536
112.05523809523964,11.36152380952381,2.147722579376946
112.05523809523964,11.834920634920634,2.105339348742173
112.05523809523964,12.30831746031746,2.0785530585449714
112.05523809523964,12.781714285714285,2.000071834828895
112.05523809523964,13.25511111111111,1.862842809866583
112.05523809523964,13.728507936507937,2.010473321729183
112.05523809523964,14.20190476190476,2.16549271082077
112.05523809523964,14.675301587301586,2.2226456352174258
112.05523809523964,15.148698412698412,2.132184101762302
112.05523809523964,15.622095238095238,2.12209348588184
112.05523809523964,16.095492063492063,2.181349433517568
112.05523809523964,16.56888888888889,2.152698866157504
112.05523809523964,17.042285714285715,2.199215747420042
112.05523809523964,17.51568253968254,2.0187073679410457
112.05523809523964,17.989079365079363,2.0609753608025256
112.05523809523964,18.46247619047619,2.124034563770295
112.05523809523964,18.935873015873014,2.134502526755223
112.05523809523964,19.40926984126984,2.2157803467681596
112.05523809523964,19.882666666666665,2.2626203410878722
112.05523809523964,20.35606349206349,2.020131420049271
112.05523809523964,20.829460317460317,2.093206534303679
112.05523809523964,21.302857142857142,2.0655974507099475
112.05523809523964,21.776253968253968,2.1497188188374263
112.05523809523964,22.249650793650794,2.172948537680878
112.05523809523964,22.72304761904762,2.224568218996752
112.05523809523964,23.19644444444444,2.1126606605214637
112.05523809523964,23.669841269841267,2.163830550432093
112.05523809523964,24.143238095238093,2.13912451887184
112.05523809523964,24.61663492063492,2.073476683666259
112.05523809523964,25.090031746031745,2.001944130525234
112.05523809523964,25.56342857142857,1.9967842154221294
112.05523809523964,26.036825396825396,1.9404625845962011
112.05523809523964,26.51022222222222,1.961139453967732
112.05523809523964,26.983619047619047,1.8876407919783162
112.05523809523964,27.457015873015873,1.8774673431649007
112.05523809523964,27.930412698412695,2.136554144010776
112.05523809523964,28.40380952380952,2.0018375839412177
112.05523809523964,28.877206349206347,1.985837383347138
112.05523809523964,29.350603174603172,2.0467853213035725
112.05523809523964,29.823999999999998,2.149974648855475
114.27222222222352,1.1248943957393e-311,1.9139478539872674
114.27222222222352,0.47339682539682537,2.0019310019718075
114.27222222222352,0.9467936507936507,2.074973579820276
114.27222222222352,1.4201904761904762,2.134039651578357
114.27222222222352,1.8935873015873015,2.1841924623984794
114.27222222222352,2.3669841269841267,2.253074414495463
114.27222222222352,2.8403809523809525,2.1213749170251246
114.27222222222352,3.3137777777777777,2.1907890641232
114.27222222222352,3.787174603174603,2.202229046432147
114.27222222222352,4.260571428571429,2.322948699708015
114.27222222222352,4.7339682539682535,2.2979834397125187
114.27222222222352,5.207365079365079,2.226617130107979
114.27222222222352,5.680761904761905,2.298337748018365
114.27222222222352,6.15415873015873,2.285533801465123
114.27222222222352,6.627555555555555,2.2387165993181513
114.27222222222352,7.10095238095238,2.2938583325848363
114.27222222222352,7.574349206349206,2.248486538264278
114.27222222222352,8.047746031746032,2.3682586616989325
114.27222222222352,8.521142857142857,2.328068313190768
114.27222222222352,8.994539682539681,2.1811743362132656
114.27222222222352,9.467936507936507,2.1413126770816278
114.27222222222352,9.941333333333333,2.2362024432610004
114.27222222222352,10.414730158730158,2.2058318189256765
114.27222222222352,10.888126984126984,2.2925104845139757
114.27222222222352,11.36152380952381,2.227234567766979
114.27222222222352,11.834920634920634,2.1397279949039225
114.27222222222352,12.30831746031746,2.1376630999088513
114.27222222222352,12.781714285714285,2.0713307123776006
114.27222222222352,13.25511111111111,2.003624242698967
114.27222222222352,13.728507936507937,2.108518845884427
114.27222222222352,14.20190476190476,2.1251977688827854
114.27222222222352,14.675301587301586,2.1205302141179088
114.27222222222352,15.148698412698412,2.161549400911512
114.27222222222352,15.622095238095238,2.327150611743162
114.27222222222352,16.095492063492063,2.135826164514429
114.27222222222352,16.56888888888889,2.128617981333409
114.27222222222352,17.042285714285715,2.115578779709849
114.27222222222352,17.51568253968254,2.081531670111404
114.27222222222352,17.989079365079363,2.0818137839114783
114.27222222222352,18.46247619047619,2.1317871805008055
114.27222222222352,18.935873015873014,2.1226102453344717
114.27222222222352,19.40926984126984,2.219729126537519
114.27222222222352,19.882666666666665,2.175141877218085
114.27222222222352,20.35606349206349,2.03776641683432
114.27222222222352,20.829460317460317,1.983799341663751
114.27222222222352,21.302857142857142,2.0705837398067595
114.27222222222352,21.776253968253968,2.1789636898272877
114.27222222222352,22.249650793650794,2.089196260368339
114.27222222222352,22.72304761904762,2.170044155510591
114.27222222222352,23.19644444444444,2.180823543198549
114.27222222222352,23.669841269841267,2.1974803931219697
114.27222222222352,24.143238095238093,2.197636095143432
114.27222222222352,24.61663492063492,2.1445327288425875
114.27222222222352,25.090031746031745,2.0128634431202235
114.27222222222352,25.56342857142857,2.045547600324001
114.27222222222352,26.036825396825396,1.8590799137419611
114.27222222222352,26.51022222222222,1.9987557872964143
114.27222222222352,26.983619047619047,1.9340069778036109
114.27222222222352,27.457015873015873,2.037127141416324
114.27222222222352,27.930412698412695,2.0587258120851972
114.27222222222352,28.40380952380952,2.061618380287897
114.27222222222352,28.877206349206347,2.012719185668868
114.27222222222352,29.350603174603172,2.07425993314762
114.27222222222352,29.823999999999998,2.0391113514656256
116.4892063492074,1.1248943957393e-311,2.075519984954016
116.4892063492074,0.47339682539682537,2.0238968434260123
116.4892063492074,0.9467936507936507,2.0348352601331468
116.4892063492074,1.4201904761904762,2.160695579105139
116.4892063492074,1.8935873015873015,2.154407967738046
116.4892063492074,2.3669841269841267,2.090135261854942
116.4892063492074,2.8403809523809525,2.0910975082428465
116.4892063492074,3.3137777777777777,2.200331859590521
116.4892063492074,3.787174603174603,2.36358462394542
116.4892063492074,4.260571428571429,2.3852215005992363
116.4892063492074,4.7339682539682535,2.2750072446527567
116.4892063492074,5.207365079365079,2.191607873614638
116.4892063492074,5.680761904761905,2.2974887770266177
116.4892063492074,6.15415873015873,2.346397533478838
116.4892063492074,6.627555555555555,2.4136176954055277
116.4892063492074,7.10095238095238,2.1765618092837715
116.4892063492074,7.574349206349206,2.2609263667432637
116.4892063492074,8.047746031746032,2.2627220292053645
116.4892063492074,8.521142857142857,2.331086443968135
116.4892063492074,8.994539682539681,2.325648997543695
116.4892063492074,9.467936507936507,2.371427521979052
116.4892063492074,9.941333333333333,2.3030692438446914
116.4892063492074,10.414730158730158,2.2471375221475207
116.4892063492074,10.888126984126984,2.304098284091807
116.4892063492074,11.36152380952381,2.4035274860219946
116.4892063492074,11.834920634920634,2.3437945106706173
116.4892063492074,12.30831746031746,2.154578226218974
116.4892063492074,12.781714285714285,2.2228249916578338
116.4892063492074,13.25511111111111,2.244846096974857
116.4892063492074,13.728507936507937,2.254448394650621
116.4892063492074,14.20190476190476,2.2393551718251445
116.4892063492074,14.675301587301586,2.2342970985116337
116.4892063492074,15.148698412698412,2.200044517485718
116.4892063492074,15.622095238095238,2.373639920326032
116.4892063492074,16.095492063492063,2.1641989688806915
116.4892063492074,16.56888888888889,2.143891309311221
116.4892063492074,17.042285714285715,2.00167299272084
116.4892063492074,17.51568253968254,2.1458934967998657
116.4892063492074,17.989079365079363,2.0405331427325994
116.4892063492074,18.46247619047619,2.159413974215946
116.4892063492074,18.935873015873014,2.015023574798223
116.4892063492074,19.40926984126984,2.1165308499937354
116.4892063492074,19.882666666666665,2.126181205854013
116.4892063492074,20.35606349206349,2.109988732239616
116.4892063492074,20.829460317460317,2.083367685911779
116.4892063492074,21.302857142857142,2.1355651844627244
116.4892063492074,21.776253968253968,2.0810193941964923
116.4892063492074,22.249650793650794,2.1232358120252277
116.4892063492074,22.72304761904762,2.1512931624205422
116.4892063492074,23.19644444444444,2.2547665903094245
116.4892063492074,23.669841269841267,2.2809442199008707
116.4892063492074,24.143238095238093,2.2845165173209043
116.4892063492074,24.61663492063492,2.287754669932665
116.4892063492074,25.090031746031745,2.110708202654846
116.4892063492074,25.56342857142857,2.0739833996690615
116.4892063492074,26.036825396825396,2.0271327704160877
116.4892063492074,26.51022222222222,2.0238089165997466
116.4892063492074,26.983619047619047,1.9739033239100328
116.4892063492074,27.457015873015873,2.0104253561088967
116.4892063492074,27.930412698412695,1.9936719886685978
116.4892063492074,28.40380952380952,2.151922189817834
116.4892063492074,28.877206349206347,2.137842814466661
116.4892063492074,29.350603174603172,2.116039421531437
116.4892063492074,29.823999999999998,2.09632622758521
118.70619047619125,1.1248943957393e-311,2.004737042241464
118.70619047619125,0.47339682539682537,2.037919876731158
118.70619047619125,0.9467936507936507,1.9968408123600847
118.70619047619125,1.4201904761904762,2.063457601012285
118.70619047619125,1.8935873015873015,2.2281229867534282
118.70619047619125,2.3669841269841267,2.197783712761371
118.70619047619125,2.8403809523809525,2.1437749937988997
118.70619047619125,3.3137777777777777,2.1361788814975227
118.70619047619125,3.787174603174603,2.3992253383048454
118.70619047619125,4.260571428571429,2.4069855200792523
118.70619047619125,4.7339682539682535,2.469023107155357
118.70619047619125,5.207365079365079,2.319224080136106
118.70619047619125,5.680761904761905,2.3426825971596927
118.70619047619125,6.15415873015873,2.233986820970329
118.70619047619125,6.627555555555555,2.337453046030504
118.70619047619125,7.10095238095238,2.29046388062647
118.70619047619125,7.574349206349206,2.299928772161207
118.70619047619125,8.047746031746032,2.1788711119936277
118.70619047619125,8.521142857142857,2.4134931347561452
118.70619047619125,8.994539682539681,2.451753641328788
118.70619047619125,9.467936507936507,2.4476087438162795
118.70619047619125,9.941333333333333,2.3680516242290737
118.70619047619125,10.414730158730158,2.4076032899354134
118.70619047619125,10.888126984126984,2.292598014628867
118.70619047619125,11.36152380952381,2.427544864664635
118.70619047619125,11.834920634920634,2.333132593485214
118.70619047619125,12.30831746031746,2.4506259136635764
118.70619047619125,12.781714285714285,2.37591832057935
118.70619047619125,13.25511111111111,2.3345561753477617
118.70619047619125,13.728507936507937,2.2190544596648403
118.70619047619125,14.20190476190476,2.2724971518915527
118.70619047619125,14.675301587301586,2.298512024622871
118.70619047619125,15.148698412698412,2.276900378681325
118.70619047619125,15.622095238095238,2.274428586549548
118.70619047619125,16.095492063492063,2.31334351160615
118.70619047619125,16.56888888888889,2.266872421057704
118.70619047619125,17.042285714285715,2.2752519171928163
118.70619047619125,17.51568253968254,2.1313870879230006
118.70619047619125,17.989079365079363,2.0692170271289045
118.70619047619125,18.46247619047619,2.182054646721444
118.70619047619125,18.935873015873014,2.0067029980904323
118.70619047619125,19.40926984126984,1.946346618159169
118.70619047619125,19.882666666666665,2.0354357407262595
118.70619047619125,20.35606349206349,2.1015684267417107
118.70619047619125,20.829460317460317,2.0608652419953915
118.70619047619125,21.302857142857142,2.070994497257139
118.70619047619125,21.776253968253968,2.0553878020029424
118.70619047619125,22.249650793650794,2.2624010926656313
118.70619047619125,22.72304761904762,2.184412781109724
118.70619047619125,23.19644444444444,2.2349112130320297
118.70619047619125,23.669841269841267,2.1980574182296593
118.70619047619125,24.143238095238093,2.262646930766235
118.70619047619125,24.61663492063492,2.2220506098416317
118.70619047619125,25.090031746031745,2.10844338369185
118.70619047619125,25.56342857142857,2.045637666635521
118.70619047619125,26.036825396825396,2.0225837594827683
118.70619047619125,26.51022222222222,2.169065530571985
118.70619047619125,26.983619047619047,2.07744176782374
118.70619047619125,27.457015873015873,2.00350326415559
118.70619047619125,27.930412698412695,2.0545878634869923
118.70619047619125,28.40380952380952,2.174559544189687
118.70619047619125,28.877206349206347,2.1404627560136316
118.70619047619125,29.350603174603172,2.2602525855309468
118.70619047619125,29.823999999999998,2.0983136091960986
120.92317460317513,1.1248943957393e-311,1.8909988950853567
120.92317460317513,0.47339682539682537,2.0475265741859894
120.92317460317513,0.9467936507936507,1.9727239673450652
120.92317460317513,1.4201904761904762,2.0044187286255584
120.92317460317513,1.8935873015873015,2.0432175549406244
120.92317460317513,2.3669841269841267,2.289538473388218
120.92317460317513,2.8403809523809525,2.2042130688287975
120.92317460317513,3.3137777777777777,2.302993670617188
120.92317460317513,3.787174603174603,2.32959712381249
120.92317460317513,4.260571428571429,2.5249254892515363
120.92317460317513,4.7339682539682535,2.3790891664788165
120.92317460317513,5.207365079365079,2.4298322428716617
120.92317460317513,5.680761904761905,2.2513877627052796
120.92317460317513,6.15415873015873,2.2224426979594947
120.92317460317513,6.627555555555555,2.3747617304999005
120.92317460317513,7.10095238095238,2.328943026695044
120.92317460317513,7.574349206349206,2.219338551677687
120.92317460317513,8.047746031746032,2.085973880784634
120.92317460317513,8.521142857142857,2.280330855896457
120.92317460317513,8.994539682539681,2.3835032034870585
120.92317460317513,9.467936507936507,2.369900941916564
120.92317460317513,9.941333333333333,2.3053555632306932
120.92317460317513,10.414730158730158,2.3991887475023157
120.92317460317513,10.888126984126984,2.397798372853054
120.92317460317513,11.36152380952381,2.470628940509355
120.92317460317513,11.834920634920634,2.426196926838468
120.92317460317513,12.30831746031746,2.4883795289777035
120.92317460317513,12.781714285714285,2.3711452345586324
120.92317460317513,13.25511111111111,2.231600407120651
120.92317460317513,13.728507936507937,2.196853176602071
120.92317460317513,14.20190476190476,2.4382765453712816
120.92317460317513,14.675301587301586,2.4801847064265816
120.92317460317513,15.148698412698412,2.4129118615088445
120.92317460317513,15.622095238095238,2.3260121380719623
120.92317460317513,16.095492063492063,2.2029880956895314
120.92317460317513,16.56888888888889,2.2619621155855985
120.92317460317513,17.042285714285715,2.341214755043595
120.92317460317513,17.51568253968254,2.2674476269830603
120.92317460317513,17.989079365079363,2.1335977967775195
120.92317460317513,18.46247619047619,2.1176551604294427
120.92317460317513,18.935873015873014,2.0157121579341313
120.92317460317513,19.40926984126984,2.0448748384176505
120.92317460317513,19.882666666666665,1.9863479313387582
120.92317460317513,20.35606349206349,2.133778316312666
120.92317460317513,20.829460317460317,2.1203029195194394
120.92317460317513,21.302857142857142,2.0609113572822295
120.92317460317513,21.776253968253968,2.1449658122102218
120.92317460317513,22.249650793650794,2.1888800851697243
120.92317460317513,22.72304761904762,2.1455100090316943
120.92317460317513,23.19644444444444,2.1310951656189543
120.92317460317513,23.669841269841267,2.16746019148114
120.92317460317513,24.143238095238093,2.1595670427454334
120.92317460317513,24.61663492063492,2.0654454918494882
120.92317460317513,25.090031746031745,2.1705845655742158
120.92317460317513,25.56342857142857,2.09980198102782
120.92317460317513,26.036825396825396,2.0536377763986464
120.92317460317513,26.51022222222222,2.133435599427428
120.92317460317513,26.983619047619047,2.1883119315357904
120.92317460317513,27.457015873015873,2.1986375922037182
120.92317460317513,27.930412698412695,2.0044484050744966
120.92317460317513,28.40380952380952,2.096846814487787
120.92317460317513,28.877206349206347,2.201432355941493
120.92317460317513,29.350603174603172,2.260118646749808
120.92317460317513,29.823999999999998,2.0898166655190056
123.14015873015899,1.1248943957393e-311,1.8629058321722731
123.14015873015899,0.47339682539682537,1.9285846751253517
123.14015873015899,0.9467936507936507,1.8581574751579388
123.14015873015899,1.4201904761904762,1.9543910984585677
123.14015873015899,1.8935873015873015,2.047974405211139
123.14015873015899,2.3669841269841267,2.1709409824609303
123.14015873015899,2.8403809523809525,2.313850431268195
123.14015873015899,3.3137777777777777,2.3852882957572654
123.14015873015899,3.787174603174603,2.42517869024575
123.14015873015899,4.260571428571429,2.467781629124635
123.14015873015899,4.7339682539682535,2.2541468133100397
123.14015873015899,5.207365079365079,2.4363255014316794
123.14015873015899,5.680761904761905,2.2650143905496884
123.14015873015899,6.15415873015873,2.2406676004917045
123.14015873015899,6.627555555555555,2.233516288525873
123.14015873015899,7.10095238095238,2.3371659604718804
123.14015873015899,7.574349206349206,2.309238046628451
123.14015873015899,8.047746031746032,2.293147397109624
123.14015873015899,8.521142857142857,2.2649925622408835
123.14015873015899,8.994539682539681,2.2955863478433707
123.14015873015899,9.467936507936507,2.2661761126155664
123.14015873015899,9.941333333333333,2.2566717319277565
123.14015873015899,10.414730158730158,2.2901788685576348
123.14015873015899,10.888126984126984,2.410408810257644
123.14015873015899,11.36152380952381,2.482430706926182
123.14015873015899,11.834920634920634,2.422684453119515
123.14015873015899,12.30831746031746,2.3780840834891297
123.14015873015899,12.781714285714285,2.43850657023029
123.14015873015899,13.25511111111111,2.4349910569731064
123.14015873015899,13.728507936507937,2.3952061127344053
123.14015873015899,14.20190476190476,2.4179217049491055
123.14015873015899,14.675301587301586,2.488732091126217
123.14015873015899,15.148698412698412,2.4303326770944444
123.14015873015899,15.622095238095238,2.309051287725589
123.14015873015899,16.095492063492063,2.2382092083408653
123.14015873015899,16.56888888888889,2.221175914098991
123.14015873015899,17.042285714285715,2.3570859013915304
123.14015873015899,17.51568253968254,2.3780611150595257
123.14015873015899,17.989079365079363,2.227150297688029
123.14015873015899,18.46247619047619,2.144103355380564
123.14015873015899,18.935873015873014,2.041015585091695
123.14015873015899,19.40926984126984,1.9962380820568302
123.14015873015899,19.882666666666665,2.0468871415520558
123.14015873015899,20.35606349206349,2.178608839747994
123.14015873015899,20.829460317460317,2.024211423896386
123.14015873015899,21.302857142857142,2.1291647150570454
123.14015873015899,21.776253968253968,2.0847747665904226
123.14015873015899,22.249650793650794,2.0238340277421134
123.14015873015899,22.72304761904762,2.103399428738893
123.14015873015899,23.19644444444444,2.0843597817148134
123.14015873015899,23.669841269841267,2.0120888931957315
123.14015873015899,24.143238095238093,1.9572517739528503
123.14015873015899,24.61663492063492,2.007057443099233
123.14015873015899,25.090031746031745,2.2018838496507387
123.14015873015899,25.56342857142857,2.1183026069118194
123.14015873015899,26.036825396825396,2.0842570437878316
123.14015873015899,26.51022222222222,2.063611397675476
123.14015873015899,26.983619047619047,2.1788052541194247
123.14015873015899,27.457015873015873,2.13040606643129
123.14015873015899,27.930412698412695,2.1529007891500416
123.14015873015899,28.40380952380952,2.149537836636491
123.14015873015899,28.877206349206347,2.135927663414147
123.14015873015899,29.350603174603172,2.1595240653226435
123.14015873015899,29.823999999999998,2.1063412536547026
125.35714285714286,1.1248943957393e-311,1.9679689025347782
125.35714285714286,0.47339682539682537,1.8464591818656144
125.35714285714286,0.9467936507936507,1.9436262581652832
125.35714285714286,1.4201904761904762,1.9618994399582521
125.35714285714286,1.8935873015873015,2.117838176368422
125.35714285714286,2.3669841269841267,2.071017144731587
125.35714285714286,2.8403809523809525,2.1621717561548386
125.35714285714286,3.3137777777777777,2.289009315078395
125.35714285714286,3.787174603174603,2.4438016586487707
125.35714285714286,4.260571428571429,2.2729726446099834
125.35714285714286,4.7339682539682535,2.3332084196482183
125.35714285714286,5.207365079365079,2.394405040753135
125.35714285714286,5.680761904761905,2.3339732334288557
125.35714285714286,6.15415873015873,2.2254862677213554
125.35714285714286,6.627555555555555,2.212221926104787
125.35714285714286,7.10095238095238,2.28205851035898
125.35714285714286,7.574349206349206,2.3300452894412533
125.35714285714286,8.047746031746032,2.2081549831551657
125.35714285714286,8.521142857142857,2.308179502166049
125.35714285714286,8.994539682539681,2.300865117988603
125.35714285714286,9.467936507936507,2.29138002307743
125.35714285714286,9.941333333333333,2.311852962198245
125.35714285714286,10.414730158730158,2.3953240908486384
125.35714285714286,10.888126984126984,2.3763233123254057
125.35714285714286,11.36152380952381,2.4261915959303666
125.35714285714286,11.834920634920634,2.3961970642593196
125.35714285714286,12.30831746031746,2.5293855484856627
125.35714285714286,12.781714285714285,2.587715079348763
125.35714285714286,13.25511111111111,2.5870073887470517
125.35714285714286,13.728507936507937,2.243266176477987
125.35714285714286,14.20190476190476,2.2853518280287743
125.35714285714286,14.675301587301586,2.361450132568516
125.35714285714286,15.148698412698412,2.4510666352905344
125.35714285714286,15.622095238095238,2.325370433738348
125.35714285714286,16.095492063492063,2.296495943736166
125.35714285714286,16.56888888888889,2.2426773048125677
125.35714285714286,17.042285714285715,2.2314019719970757
125.35714285714286,17.51568253968254,2.186104050545307
125.35714285714286,17.989079365079363,2.283373724763826
125.35714285714286,18.46247619047619,2.2207572080401285
125.35714285714286,18.935873015873014,1.9671089700303517
125.35714285714286,19.40926984126984,1.8780965720551728
125.35714285714286,19.882666666666665,1.981557308382297
125.35714285714286,20.35606349206349,2.2153009656586256
125.35714285714286,20.829460317460317,2.1755276318702066
125.35714285714286,21.302857142857142,2.039206402996743
125.35714285714286,21.776253968253968,2.063263901549985
125.35714285714286,22.249650793650794,1.994963087615336
125.35714285714286,22.72304761904762,2.0114703109385514
125.35714285714286,23.19644444444444,2.1263350857321215
125.35714285714286,23.669841269841267,2.009632890940848
125.35714285714286,24.143238095238093,2.0275340132033897
125.35714285714286,24.61663492063492,2.0593326441585167
125.35714285714286,25.090031746031745,2.1041465286919827
125.35714285714286,25.56342857142857,2.142291328725631
125.35714285714286,26.036825396825396,2.1040586038058304
125.35714285714286,26.51022222222222,2.1419263224418192
125.35714285714286,26.983619047619047,2.0010448095683993
125.35714285714286,27.457015873015873,2.00332845767964
125.35714285714286,27.930412698412695,2.088583269588643
125.35714285714286,28.40380952380952,2.1276524622003734
125.35714285714286,28.877206349206347,2.017135895926841
125.35714285714286,29.350603174603172,2.1350984559314345
125.35714285714286,29.823999999999998,2.0917909555777086
127.57412698412674,1.1248943957393e-311,1.8704288415735946
127.57412698412674,0.47339682539682537,1.8139685730214758
127.57412698412674,0.9467936507936507,1.8536397155823974
127.57412698412674,1.4201904761904762,1.8646452971594638
127.57412698412674,1.8935873015873015,1.9298562306091984
127.57412698412674,2.3669841269841267,2.0015357877656452
127.57412698412674,2.8403809523809525,2.1561343331536436
127.57412698412674,3.3137777777777777,2.2445348123251314
127.57412698412674,3.787174603174603,2.366434560720532
127.57412698412674,4.260571428571429,2.3907895670951436
127.57412698412674,4.7339682539682535,2.4668617559761574
127.57412698412674,5.207365079365079,2.4208724670324333
127.57412698412674,5.680761904761905,2.410873009694275
127.57412698412674,6.15415873015873,2.2277465402481313
127.57412698412674,6.627555555555555,2.3124825960834783
127.57412698412674,7.10095238095238,2.3371281379880324
127.57412698412674,7.574349206349206,2.204758290682293
127.57412698412674,8.047746031746032,2.2070290551312506
127.57412698412674,8.521142857142857,2.2866818621465326
127.57412698412674,8.994539682539681,2.2104866659785163
127.57412698412674,9.467936507936507,2.185526341730138
127.57412698412674,9.941333333333333,2.256936800256629
127.57412698412674,10.414730158730158,2.4399235697181285
127.57412698412674,10.888126984126984,2.520685557152951
127.57412698412674,11.36152380952381,2.4612338340053292
127.57412698412674,11.834920634920634,2.553407491480325
127.57412698412674,12.30831746031746,2.6681134662411603
127.57412698412674,12.781714285714285,2.6278176066727688
127.57412698412674,13.25511111111111,2.459919942540358
127.57412698412674,13.728507936507937,2.3663359941258673
127.57412698412674,14.20190476190476,2.39539598869492
127.57412698412674,14.675301587301586,2.561084136806719
127.57412698412674,15.148698412698412,2.5119236137784133
127.57412698412674,15.622095238095238,2.377059080349888
127.57412698412674,16.095492063492063,2.239001614388046
127.57412698412674,16.56888888888889,2.1557897791665224
127.57412698412674,17.042285714285715,2.092396440039853
127.57412698412674,17.51568253968254,2.141294847666043
127.57412698412674,17.989079365079363,2.3493605815106395
127.57412698412674,18.46247619047619,2.279916084857181
127.57412698412674,18.935873015873014,2.034372010526474
127.57412698412674,19.40926984126984,1.98332721204608
127.57412698412674,19.882666666666665,2.006872205555991
127.57412698412674,20.35606349206349,2.1440102296790866
127.57412698412674,20.829460317460317,1.994043090411757
127.57412698412674,21.302857142857142,1.97849303841308
127.57412698412674,21.776253968253968,2.073932643359303
127.57412698412674,22.249650793650794,2.0316100131799093
127.57412698412674,22.72304761904762,1.9792489579288017
127.57412698412674,23.19644444444444,2.1019467865983774
127.57412698412674,23.669841269841267,2.166713190991939
127.57412698412674,24.143238095238093,2.1822210878943213
127.57412698412674,24.61663492063492,2.0786500343266665
127.57412698412674,25.090031746031745,2.1495610024928395
127.57412698412674,25.56342857142857,2.1287360426663606
127.57412698412674,26.036825396825396,2.1412590740257387
127.57412698412674,26.51022222222222,2.149757190198728
127.57412698412674,26.983619047619047,2.0083761736904124
127.57412698412674,27.457015873015873,1.9356862306209743
127.57412698412674,27.930412698412695,1.9589977544909165
127.57412698412674,28.40380952380952,1.9770031740803502
127.57412698412674,28.877206349206347,2.0819067266139304
127.57412698412674,29.350603174603172,2.1246026282183306
127.57412698412674,29.823999999999998,2.0669264625426953
129.79111111111058,1.1248943957393e-311,1.7561424664828411
129.79111111111058,0.47339682539682537,1.7870582145896943
129.79111111111058,0.9467936507936507,1.763213687780019
129.79111111111058,1.4201904761904762,1.9825631160858388
129.79111111111058,1.8935873015873015,2.0095462791159844
129.79111111111058,2.3669841269841267,2.1797208423096697
129.79111111111058,2.8403809523809525,2.058131396816259
129.79111111111058,3.3137777777777777,2.094181570273623
129.79111111111058,3.787174603174603,2.2855154619591187
129.79111111111058,4.260571428571429,2.4282501582084977
129.79111111111058,4.7339682539682535,2.4711882178689737
129.79111111111058,5.207365079365079,2.5359141653969433
129.79111111111058,5.680761904761905,2.4421152491451874
129.79111111111058,6.15415873015873,2.500673475461627
129.79111111111058,6.627555555555555,2.433596125522445
129.79111111111058,7.10095238095238,2.383670869015822
129.79111111111058,7.574349206349206,2.245947370955502
129.79111111111058,8.047746031746032,2.233999191911724
129.79111111111058,8.521142857142857,2.1856600237659576
129.79111111111058,8.994539682539681,2.155167488268052
129.79111111111058,9.467936507936507,2.1165792312082603
129.79111111111058,9.941333333333333,2.359296338748922
129.79111111111058,10.414730158730158,2.4393067363777834
129.79111111111058,10.888126984126984,2.4880575900686517
129.79111111111058,11.36152380952381,2.5374267975448475
129.79111111111058,11.834920634920634,2.628894262931768
129.79111111111058,12.30831746031746,2.631178741444002
129.79111111111058,12.781714285714285,2.6001626836377167
129.79111111111058,13.25511111111111,2.5331950714370124
129.79111111111058,13.728507936507937,2.57615589545855
129.79111111111058,14.20190476190476,2.4787360332736825
129.79111111111058,14.675301587301586,2.5943928270680585
129.79111111111058,15.148698412698412,2.4482006379533794
129.79111111111058,15.622095238095238,2.403525297814712
129.79111111111058,16.095492063492063,2.2781579303972364
129.79111111111058,16.56888888888889,2.2039647318049216
129.79111111111058,17.042285714285715,2.09149754435352
129.79111111111058,17.51568253968254,2.282313773562085
129.79111111111058,17.989079365079363,2.3253248391907944
129.79111111111058,18.46247619047619,2.125182429574855
129.79111111111058,18.935873015873014,2.007982014568751
129.79111111111058,19.40926984126984,2.0749511166337977
129.79111111111058,19.882666666666665,2.0605805901425995
129.79111111111058,20.35606349206349,2.0748740083164265
129.79111111111058,20.829460317460317,1.9780891424321885
129.79111111111058,21.302857142857142,2.1004869518526106
129.79111111111058,21.776253968253968,2.0497927595518406
129.79111111111058,22.249650793650794,2.0252636095435177
129.79111111111058,22.72304761904762,1.9262850892957766
129.79111111111058,23.19644444444444,2.0770420442290707
129.79111111111058,23.669841269841267,2.1153339362723442
129.79111111111058,24.143238095238093,2.1670140266935016
129.79111111111058,24.61663492063492,2.0845326645496796
129.79111111111058,25.090031746031745,2.0315072790785544
129.79111111111058,25.56342857142857,2.019449374330742
129.79111111111058,26.036825396825396,2.181519231452676
129.79111111111058,26.51022222222222,2.1552524918164986
129.79111111111058,26.983619047619047,2.175860585924539
129.79111111111058,27.457015873015873,1.9440579089969405
129.79111111111058,27.930412698412695,1.928240917130563
129.79111111111058,28.40380952380952,1.9741438939623546
129.79111111111058,28.877206349206347,2.148135387421022
129.79111111111058,29.350603174603172,2.1294548830255198
129.79111111111058,29.823999999999998,2.0073889031424184
132.00809523809448,1.1248943957393e-311,1.7417033094182262
132.00809523809448,0.47339682539682537,1.7364586177526804
132.00809523809448,0.9467936507936507,1.7772595813047387
132.00809523809448,1.4201904761904762,1.9513600672628129
132.00809523809448,1.8935873015873015,1.9938106786103442
132.00809523809448,2.3669841269841267,2.088044332560547
132.00809523809448,2.8403809523809525,1.9524609319662536
132.00809523809448,3.3137777777777777,1.977588506128669
132.00809523809448,3.787174603174603,2.3223754414226025
132.00809523809448,4.260571428571429,2.496831958009495
132.00809523809448,4.7339682539682535,2.4900812447243226
132.00809523809448,5.207365079365079,2.5029052829826317
132.00809523809448,5.680761904761905,2.604901928808689
132.00809523809448,6.15415873015873,2.650898478352041
132.00809523809448,6.627555555555555,2.5118858504621002
132.00809523809448,7.10095238095238,2.338861465971333
132.00809523809448,7.574349206349206,2.2041222035124295
132.00809523809448,8.047746031746032,2.1097875019018906
132.00809523809448,8.521142857142857,2.2069438026099
132.00809523809448,8.994539682539681,2.17325482796057
132.00809523809448,9.467936507936507,2.298339082438953
132.00809523809448,9.941333333333333,2.315290983014916
132.00809523809448,10.414730158730158,2.3843298214485156
132.00809523809448,10.888126984126984,2.3829706599923326
132.00809523809448,11.36152380952381,2.5227538863277212
132.00809523809448,11.834920634920634,2.5703259992131784
132.00809523809448,12.30831746031746,2.627804249364568
132.00809523809448,12.781714285714285,2.5428533419904396
132.00809523809448,13.25511111111111,2.664345178203513
132.00809523809448,13.728507936507937,2.5933592047454948
132.00809523809448,14.20190476190476,2.6612316785605605
132.00809523809448,14.675301587301586,2.657423748457962
132.00809523809448,15.148698412698412,2.6404950872087958
132.00809523809448,15.622095238095238,2.5318614413233376
132.00809523809448,16.095492063492063,2.3464579266222656
132.00809523809448,16.56888888888889,2.1737257731628516
132.00809523809448,17.042285714285715,2.199087708070872
132.00809523809448,17.51568253968254,2.2655551415700352
132.00809523809448,17.989079365079363,2.188283073638947
132.00809523809448,18.46247619047619,2.0456798883255964
132.00809523809448,18.935873015873014,2.003950436057295
132.00809523809448,19.40926984126984,2.032874988268256
132.00809523809448,19.882666666666665,2.1174350803028847
132.00809523809448,20.35606349206349,2.1338334933188476
132.00809523809448,20.829460317460317,2.1653682789271884
132.00809523809448,21.302857142857142,2.0610406617756656
132.00809523809448,21.776253968253968,1.9399777500985238
132.00809523809448,22.249650793650794,1.9816891276896416
132.00809523809448,22.72304761904762,2.0465608934404704
132.00809523809448,23.19644444444444,2.033397043045496
132.00809523809448,23.669841269841267,2.141135718392495
132.00809523809448,24.143238095238093,2.070959110102766
132.00809523809448,24.61663492063492,2.127693964857385
132.00809523809448,25.090031746031745,2.018896007196209
132.00809523809448,25.56342857142857,2.0422877517254125
132.00809523809448,26.036825396825396,2.034363295827345
132.00809523809448,26.51022222222222,2.1885902628326814
132.00809523809448,26.983619047619047,2.0764653031173084
132.00809523809448,27.457015873015873,1.9383996785051478
132.00809523809448,27.930412698412695,1.9663248167048994
132.00809523809448,28.40380952380952,2.0888563159818783
132.00809523809448,28.877206349206347,2.1551532442268115
132.00809523809448,29.350603174603172,2.135907138529088
132.00809523809448,29.823999999999998,1.9354449262401894
134.22507936507833,1.1248943957393e-311,1.6158237189612246
134.22507936507833,0.47339682539682537,1.6523580814710954
134.22507936507833,0.9467936507936507,1.7000957020418652
134.22507936507833,1.4201904761904762,1.7225614576910386
134.22507936507833,1.8935873015873015,1.8759796391928378
134.22507936507833,2.3669841269841267,1.9186673529440539
134.22507936507833,2.8403809523809525,2.02903124567586
134.22507936507833,3.3137777777777777,2.0277551383769534
134.22507936507833,3.787174603174603,2.2387066817509425
134.22507936507833,4.260571428571429,2.4066134143800575
134.22507936507833,4.7339682539682535,2.5581850192362063
134.22507936507833,5.207365079365079,2.5682077453845102
134.22507936507833,5.680761904761905,2.6769448303036616
134.22507936507833,6.15415873015873,2.624827728019564
134.22507936507833,6.627555555555555,2.5201614972514927
134.22507936507833,7.10095238095238,2.3182724307527414
134.22507936507833,7.574349206349206,2.27175137356951
134.22507936507833,8.047746031746032,2.269835642025439
134.22507936507833,8.521142857142857,2.2787013936099925
134.22507936507833,8.994539682539681,2.2168535468683395
134.22507936507833,9.467936507936507,2.2880119714050284
134.22507936507833,9.941333333333333,2.2847319597290063
134.22507936507833,10.414730158730158,2.4059413844306423
134.22507936507833,10.888126984126984,2.451467091082128
134.22507936507833,11.36152380952381,2.5878487390451315
134.22507936507833,11.834920634920634,2.609901790276845
134.22507936507833,12.30831746031746,2.616773066798318
134.22507936507833,12.781714285714285,2.666731179870816
134.22507936507833,13.25511111111111,2.7612454509732456
134.22507936507833,13.728507936507937,2.6828461554837295
134.22507936507833,14.20190476190476,2.648346767278573
134.22507936507833,14.675301587301586,2.6490908473756627
134.22507936507833,15.148698412698412,2.7384964441702704
134.22507936507833,15.622095238095238,2.4861596869984353
134.22507936507833,16.095492063492063,2.360846136391651
134.22507936507833,16.56888888888889,2.218299300052878
134.22507936507833,17.042285714285715,2.098431119371445
134.22507936507833,17.51568253968254,2.1531322653451963
134.22507936507833,17.989079365079363,2.1754590336715296
134.22507936507833,18.46247619047619,2.076605634807878
134.22507936507833,18.935873015873014,2.1507604052609715
134.22507936507833,19.40926984126984,2.0621750033087354
134.22507936507833,19.882666666666665,2.020956462219316
134.22507936507833,20.35606349206349,2.1152572065310165
134.22507936507833,20.829460317460317,2.1039189953346544
134.22507936507833,21.302857142857142,2.006168269226739
134.22507936507833,21.776253968253968,1.9494306730961142
134.22507936507833,22.249650793650794,1.9737391863266593
134.22507936507833,22.72304761904762,2.0261778470774736
134.22507936507833,23.19644444444444,1.9861253520119373
134.22507936507833,23.669841269841267,1.972432454400474
134.22507936507833,24.143238095238093,1.9380642159981285
134.22507936507833,24.61663492063492,2.011619590209493
134.22507936507833,25.090031746031745,1.9837308079859972
134.22507936507833,25.56342857142857,1.973184539819443
134.22507936507833,26.036825396825396,1.9772815178679437
134.22507936507833,26.51022222222222,2.0639873935074196
134.22507936507833,26.983619047619047,1.9233176498982083
134.22507936507833,27.457015873015873,1.9698354461686096
134.22507936507833,27.930412698412695,1.9610018993960125
134.22507936507833,28.40380952380952,2.0622405389811345
134.22507936507833,28.877206349206347,2.068484315890705
134.22507936507833,29.350603174603172,2.1279523003227907
134.22507936507833,29.823999999999998,1.997052864488102
136.4420634920622,1.1248943957393e-311,1.5188709356256676
136.4420634920622,0.47339682539682537,1.6160750920143092
136.4420634920622,0.9467936507936507,1.6916543872810987
136.4420634920622,1.4201904761904762,1.8101598185635381
136.4420634920622,1.8935873015873015,1.7774477154016355
136.4420634920622,2.3669841269841267,1.8751340682305113
136.4420634920622,2.8403809523809525,1.9571042527147502
136.4420634920622,3.3137777777777777,2.013184906670674
136.4420634920622,3.787174603174603,2.146294633346113
136.4420634920622,4.260571428571429,2.3649736296736603
136.4420634920622,4.7339682539682535,2.486068649199593
136.4420634920622,5.207365079365079,2.6919482678441127
136.4420634920622,5.680761904761905,2.6785122984078553
136.4420634920622,6.15415873015873,2.611990367007322
136.4420634920622,6.627555555555555,2.5656076542778514
136.4420634920622,7.10095238095238,2.3088043515167778
136.4420634920622,7.574349206349206,2.252612595355614
136.4420634920622,8.047746031746032,2.2372434456438173
136.4420634920622,8.521142857142857,2.101244062277013
136.4420634920622,8.994539682539681,2.225582599422587
136.4420634920622,9.467936507936507,2.3451342249763387
136.4420634920622,9.941333333333333,2.4074062883878087
136.4420634920622,10.414730158730158,2.3783327757033095
136.4420634920622,10.888126984126984,2.504444001168004
136.4420634920622,11.36152380952381,2.510956489731469
136.4420634920622,11.834920634920634,2.6104227109253055
136.4420634920622,12.30831746031746,2.7107883464322406
136.4420634920622,12.781714285714285,2.772256470342373
136.4420634920622,13.25511111111111,2.8825643801646583
136.4420634920622,13.728507936507937,2.8564021626800264
136.4420634920622,14.20190476190476,2.7792164733234346
136.4420634920622,14.675301587301586,2.8109715319268527
136.4420634920622,15.148698412698412,2.679994548042561
136.4420634920622,15.622095238095238,2.4547485479058997
136.4420634920622,16.095492063492063,2.2269212941529037
136.4420634920622,16.56888888888889,2.206182588753656
136.4420634920622,17.042285714285715,2.0135001560019847
136.4420634920622,17.51568253968254,2.0657199030847733
136.4420634920622,17.989079365079363,2.041558223809722
136.4420634920622,18.46247619047619,2.139539235201146
136.4420634920622,18.935873015873014,2.028799165597467
136.4420634920622,19.40926984126984,1.9741682670478244
136.4420634920622,19.882666666666665,1.8602292670721818
136.4420634920622,20.35606349206349,2.022882327435063
136.4420634920622,20.829460317460317,2.093591161128674
136.4420634920622,21.302857142857142,2.199323033513079
136.4420634920622,21.776253968253968,1.9527016343769787
136.4420634920622,22.249650793650794,2.0030000066243545
136.4420634920622,22.72304761904762,1.8167728093682858
136.4420634920622,23.19644444444444,1.8807618924644487
136.4420634920622,23.669841269841267,1.809662651047586
136.4420634920622,24.143238095238093,2.016514064825539
136.4420634920622,24.61663492063492,1.973038989713513
136.4420634920622,25.090031746031745,2.050011399518366
136.4420634920622,25.56342857142857,1.899126748085984
136.4420634920622,26.036825396825396,1.9942746633907267
136.4420634920622,26.51022222222222,1.9952290572444615
136.4420634920622,26.983619047619047,1.9531749452761826
136.4420634920622,27.457015873015873,1.8916563640024149
136.4420634920622,27.930412698412695,1.8648731593182373
136.4420634920622,28.40380952380952,1.972709444645117
136.4420634920622,28.877206349206347,1.9362910465290994
136.4420634920622,29.350603174603172,2.065778629001089
136.4420634920622,29.823999999999998,2.117960518423722
138.65904761904608,1.1248943957393e-311,1.2802090519653204
138.65904761904608,0.47339682539682537,1.578991623742264
138.65904761904608,0.9467936507936507,1.7976740135357847
138.65904761904608,1.4201904761904762,1.88513825074368
138.65904761904608,1.8935873015873015,1.7656577269073552
138.65904761904608,2.3669841269841267,1.8014737390446425
138.65904761904608,2.8403809523809525,1.9223833722318806
138.65904761904608,3.3137777777777777,2.1263715988405463
138.65904761904608,3.787174603174603,2.261657594905493
138.65904761904608,4.260571428571429,2.3962665458480066
138.65904761904608,4.7339682539682535,2.5107623702868618
138.65904761904608,5.207365079365079,2.6981988141511666
138.65904761904608,5.680761904761905,2.802912728272144
138.65904761904608,6.15415873015873,2.710495368125061
138.65904761904608,6.627555555555555,2.5088661597020683
138.65904761904608,7.10095238095238,2.367329556779962
138.65904761904608,7.574349206349206,2.216288985969458
138.65904761904608,8.047746031746032,2.0554173603193315
138.65904761904608,8.521142857142857,2.192905384701669
138.65904761904608,8.994539682539681,2.210897710562542
138.65904761904608,9.467936507936507,2.3348474674457727
138.65904761904608,9.941333333333333,2.3110401109713643
138.65904761904608,10.414730158730158,2.3628288306042617
138.65904761904608,10.888126984126984,2.464339207549313
138.65904761904608,11.36152380952381,2.5115279105165094
138.65904761904608,11.834920634920634,2.6482601212124868
138.65904761904608,12.30831746031746,2.8318241868795697
138.65904761904608,12.781714285714285,2.9243679593182073
138.65904761904608,13.25511111111111,3.0662041334377093
138.65904761904608,13.728507936507937,3.1180529768808114
138.65904761904608,14.20190476190476,3.1087871388356545
138.65904761904608,14.675301587301586,2.9803387166494817
138.65904761904608,15.148698412698412,2.7173980081589013
138.65904761904608,15.622095238095238,2.3624850740925303
138.65904761904608,16.095492063492063,2.118957391818867
138.65904761904608,16.56888888888889,2.165754018729765
138.65904761904608,17.042285714285715,2.0998620012982943
138.65904761904608,17.51568253968254,1.9527056743781006
138.65904761904608,17.989079365079363,1.9167883365050478
138.65904761904608,18.46247619047619,2.0483909943695124
138.65904761904608,18.935873015873014,2.0614194942057953
138.65904761904608,19.40926984126984,1.9427443701122662
138.65904761904608,19.882666666666665,1.8144050923295767
138.65904761904608,20.35606349206349,1.9373718721757824
138.65904761904608,20.829460317460317,2.0262369226447263
138.65904761904608,21.302857142857142,2.081618822198154
138.65904761904608,21.776253968253968,2.0125078955981897
138.65904761904608,22.249650793650794,1.9519765698955769
138.65904761904608,22.72304761904762,1.901388941571066
138.65904761904608,23.19644444444444,1.907722375535067
138.65904761904608,23.669841269841267,1.871110327530265
138.65904761904608,24.143238095238093,1.9956929015030842
138.65904761904608,24.61663492063492,1.9023743253838608
138.65904761904608,25.090031746031745,1.9421185008966195
138.65904761904608,25.56342857142857,1.9026290913799073
138.65904761904608,26.036825396825396,1.9450859744669622
138.65904761904608,26.51022222222222,1.8891885146054828
138.65904761904608,26.983619047619047,1.9737491578012403
138.65904761904608,27.457015873015873,1.814029496772975
138.65904761904608,27.930412698412695,1.8705693706448812
138.65904761904608,28.40380952380952,1.94043511771796
138.65904761904608,28.877206349206347,2.129497050463986
138.65904761904608,29.350603174603172,2.074507985730676
138.65904761904608,29.823999999999998,2.007540362371351
140.87603174602995,1.1248943957393e-311,1.2009065828896577
140.87603174602995,0.47339682539682537,1.5986015953546961
140.87603174602995,0.9467936507936507,1.9937733299161804
140.87603174602995,1.4201904761904762,2.0737909616776165
140.87603174602995,1.8935873015873015,1.7949986328307426
140.87603174602995,2.3669841269841267,1.747172788038718
140.87603174602995,2.8403809523809525,1.9901565505002812
140.87603174602995,3.3137777777777777,2.246911880410189
140.87603174602995,3.787174603174603,2.3953188203388525
140.87603174602995,4.260571428571429,2.476198296079008
140.87603174602995,4.7339682539682535,2.5469686721543496
140.87603174602995,5.207365079365079,2.74829815557372
140.87603174602995,5.680761904761905,2.900151734808934
140.87603174602995,6.15415873015873,2.876115873489898
140.87603174602995,6.627555555555555,2.571228671512505
140.87603174602995,7.10095238095238,2.334900440996203
140.87603174602995,7.574349206349206,2.098881077687359
140.87603174602995,8.047746031746032,2.050151445933498
140.87603174602995,8.521142857142857,2.035156012770718
140.87603174602995,8.994539682539681,2.1569888644352004
140.87603174602995,9.467936507936507,2.2963223726067774
140.87603174602995,9.941333333333333,2.294332171138976
140.87603174602995,10.414730158730158,2.3535922240343408
140.87603174602995,10.888126984126984,2.4401428037097226
140.87603174602995,11.36152380952381,2.5810545914088974
140.87603174602995,11.834920634920634,2.6932452749277784
140.87603174602995,12.30831746031746,3.0528786426934333
140.87603174602995,12.781714285714285,3.2202822105965976
140.87603174602995,13.25511111111111,3.298907138095555
140.87603174602995,13.728507936507937,3.2102518108825
140.87603174602995,14.20190476190476,3.2469141484123605
140.87603174602995,14.675301587301586,3.032024170882113
140.87603174602995,15.148698412698412,2.8100104304589433
140.87603174602995,15.622095238095238,2.311959925759347
140.87603174602995,16.095492063492063,2.1008027171775767
140.87603174602995,16.56888888888889,1.9760937890900445
140.87603174602995,17.042285714285715,1.994884852119625
140.87603174602995,17.51568253968254,1.9116137925417445
140.87603174602995,17.989079365079363,1.9741654554317327
140.87603174602995,18.46247619047619,1.9363234457109648
140.87603174602995,18.935873015873014,2.029952846802605
140.87603174602995,19.40926984126984,1.9341891066222656
140.87603174602995,19.882666666666665,1.8153524154504384
140.87603174602995,20.35606349206349,1.8157919596415404
140.87603174602995,20.829460317460317,2.0400107371745495
140.87603174602995,21.302857142857142,2.0937654768708516
140.87603174602995,21.776253968253968,2.0745445071625928
140.87603174602995,22.249650793650794,1.9890781547758791
140.87603174602995,22.72304761904762,1.9340735696689406
140.87603174602995,23.19644444444444,1.953400771266478
140.87603174602995,23.669841269841267,1.9320371399107092
140.87603174602995,24.143238095238093,1.9622175334793643
140.87603174602995,24.61663492063492,1.967960014103576
140.87603174602995,25.090031746031745,1.9257530232269373
140.87603174602995,25.56342857142857,1.966697745028928
140.87603174602995,26.036825396825396,1.9556889721330126
140.87603174602995,26.51022222222222,1.869043542662694
140.87603174602995,26.983619047619047,1.8265805315854529
140.87603174602995,27.457015873015873,1.9151425182764883
140.87603174602995,27.930412698412695,1.8335204552581492
140.87603174602995,28.40380952380952,1.9183193881179648
140.87603174602995,28.877206349206347,2.139716879629525
140.87603174602995,29.350603174603172,2.0275941087530494
140.87603174602995,29.823999999999998,1.974267478119645
143.0930158730138,1.1248943957393e-311,1.114112508290957
143.0930158730138,0.47339682539682537,1.8173181457651133
143.0930158730138,0.9467936507936507,2.107963811892651
143.0930158730138,1.4201904761904762,2.136143252964428
143.0930158730138,1.8935873015873015,1.7507064070527623
143.0930158730138,2.3669841269841267,1.5344822510658584
143.0930158730138,2.8403809523809525,1.8547027677389494
143.0930158730138,3.3137777777777777,2.3821861015009023
143.0930158730138,3.787174603174603,2.6198922032128173
143.0930158730138,4.260571428571429,2.4390447641470745
143.0930158730138,4.7339682539682535,2.4530227493811285
143.0930158730138,5.207365079365079,2.835618929474643
143.0930158730138,5.680761904761905,3.0675925261618944
143.0930158730138,6.15415873015873,3.1346218462725246
143.0930158730138,6.627555555555555,2.660953873598829
143.0930158730138,7.10095238095238,2.2711594238325197
143.0930158730138,7.574349206349206,2.010367696842266
143.0930158730138,8.047746031746032,1.9322761586280777
143.0930158730138,8.521142857142857,1.9706013793765607
143.0930158730138,8.994539682539681,2.082782125539161
143.0930158730138,9.467936507936507,2.228996267094292
143.0930158730138,9.941333333333333,2.3875608707981884
143.0930158730138,10.414730158730158,2.3232129111309345
143.0930158730138,10.888126984126984,2.4192961557086656
143.0930158730138,11.36152380952381,2.507229682607028
143.0930158730138,11.834920634920634,2.6673340994143797
143.0930158730138,12.30831746031746,3.1599787190928943
143.0930158730138,12.781714285714285,3.4612599971310276
143.0930158730138,13.25511111111111,3.487468757737748
143.0930158730138,13.728507936507937,3.509736524138269
143.0930158730138,14.20190476190476,3.426959064637226
143.0930158730138,14.675301587301586,3.360122024204704
143.0930158730138,15.148698412698412,3.026858405495031
143.0930158730138,15.622095238095238,2.286221203231923
143.0930158730138,16.095492063492063,1.900742973582895
143.0930158730138,16.56888888888889,1.752163962983084
143.0930158730138,17.042285714285715,1.8064244144255628
143.0930158730138,17.51568253968254,1.9384753797872876
143.0930158730138,17.989079365079363,2.0082706668358234
143.0930158730138,18.46247619047619,2.056140356439814
143.0930158730138,18.935873015873014,1.9586379987342977
143.0930158730138,19.40926984126984,1.890625207930647
143.0930158730138,19.882666666666665,1.8184773197931907
143.0930158730138,20.35606349206349,1.9125526291670614
143.0930158730138,20.829460317460317,2.0399715725987275
143.0930158730138,21.302857142857142,2.0799574358857273
143.0930158730138,21.776253968253968,2.1547091601458477
143.0930158730138,22.249650793650794,2.0539945035379708
143.0930158730138,22.72304761904762,1.9946489633995488
143.0930158730138,23.19644444444444,1.998331119145197
143.0930158730138,23.669841269841267,1.8964425498217448
143.0930158730138,24.143238095238093,1.9315651821913173
143.0930158730138,24.61663492063492,2.057708060184547
143.0930158730138,25.090031746031745,2.053754351006779
143.0930158730138,25.56342857142857,1.9955449645397587
143.0930158730138,26.036825396825396,1.9588972937697289
143.0930158730138,26.51022222222222,1.8438994342988884
143.0930158730138,26.983619047619047,1.8478607370416773
143.0930158730138,27.457015873015873,1.8491133225737082
143.0930158730138,27.930412698412695,1.8778617516572949
143.0930158730138,28.40380952380952,1.9411537747866707
143.0930158730138,28.877206349206347,2.023447444805234
143.0930158730138,29.350603174603172,2.0035886245429264
143.0930158730138,29.823999999999998,2.012103389685095
145.30999999999767,1.1248943957393e-311,-2.836828740672781e-09
145.30999999999767,0.47339682539682537,1.9317879570894911
145.30999999999767,0.9467936507936507,2.177006355324819
145.30999999999767,1.4201904761904762,2.3613694942635344
145.30999999999767,1.8935873015873015,1.7346095005627182
145.30999999999767,2.3669841269841267,1.3393676536105712
145.30999999999767,2.8403809523809525,1.7713001316913555
145.30999999999767,3.3137777777777777,2.5411277214360584
145.30999999999767,3.787174603174603,2.8439647831278005
145.30999999999767,4.260571428571429,2.258443904260267
145.30999999999767,4.7339682539682535,2.2603328607425097
145.30999999999767,5.207365079365079,2.848452263528113
145.30999999999767,5.680761904761905,3.148324160444554
145.30999999999767,6.15415873015873,3.3108240526168857
145.30999999999767,6.627555555555555,2.7148541193498663
145.30999999999767,7.10095238095238,2.2088962124736646
145.30999999999767,7.574349206349206,1.8858394665584886
145.30999999999767,8.047746031746032,1.8234594374216129
145.30999999999767,8.521142857142857,1.8766907201148475
145.30999999999767,8.994539682539681,1.9408222817663607
145.30999999999767,9.467936507936507,2.2518241275831152
145.30999999999767,9.941333333333333,2.489749618287542
145.30999999999767,10.414730158730158,2.3015095689896086
145.30999999999767,10.888126984126984,2.457595304197033
145.30999999999767,11.36152380952381,2.6142636812455655
145.30999999999767,11.834920634920634,2.4377769247763426
145.30999999999767,12.30831746031746,3.332765397040906
145.30999999999767,12.781714285714285,3.6553062167861934
145.30999999999767,13.25511111111111,3.591894649429637
145.30999999999767,13.728507936507937,3.6114639899080245
145.30999999999767,14.20190476190476,3.631504674469359
145.30999999999767,14.675301587301586,3.4999253358116817
145.30999999999767,15.148698412698412,3.2413346871014945
145.30999999999767,15.622095238095238,2.2155114048317484
145.30999999999767,16.095492063492063,1.778273916451136
145.30999999999767,16.56888888888889,1.721265527142308
145.30999999999767,17.042285714285715,1.6742713596798948
145.30999999999767,17.51568253968254,1.7779402520068597
145.30999999999767,17.989079365079363,1.9365359599548664
145.30999999999767,18.46247619047619,2.0383662018101125
145.30999999999767,18.935873015873014,1.951847306214121
145.30999999999767,19.40926984126984,1.8483299189396385
145.30999999999767,19.882666666666665,1.76783380494335
145.30999999999767,20.35606349206349,1.8712553182631824
145.30999999999767,20.829460317460317,2.1096791488262268
145.30999999999767,21.302857142857142,2.1005105322175304
145.30999999999767,21.776253968253968,2.18028176749842
145.30999999999767,22.249650793650794,2.125432019899254
145.30999999999767,22.72304761904762,2.021058708212599
145.30999999999767,23.19644444444444,2.068984386920834
145.30999999999767,23.669841269841267,1.9033893072438528
145.30999999999767,24.143238095238093,1.8746975910771764
145.30999999999767,24.61663492063492,2.0847843762182094
145.30999999999767,25.090031746031745,2.0303413694393364
145.30999999999767,25.56342857142857,1.8820789830507445
145.30999999999767,26.036825396825396,1.8355662050303088
145.30999999999767,26.51022222222222,1.8115273507956433
145.30999999999767,26.983619047619047,1.9916956264231696
145.30999999999767,27.457015873015873,1.9524029417914417
145.30999999999767,27.930412698412695,1.9732478558420814
145.30999999999767,28.40380952380952,1.8719940958058165
145.30999999999767,28.877206349206347,1.9541360501783034
145.30999999999767,29.350603174603172,1.9771394351585099
145.30999999999767,29.823999999999998,2.0540813927481856
